2063
6805
3839
7439
268
1327
1380
1047
843
3412
2857
8858
3011
7109
9516
4693
9488
6429
8328
3950
9352
1287
465
6143
2627
4639
530
4500
6858
6214
757
8274
223
2378
387
2363
1454
277
1836
319
8962
9829
6009
2325
970
4924
7296
5546
5821
2937
9543
2457
2573
8551
7821
4733
7656
1268
7446
707
1732
3412
5541
2659
1260
5047
7215
1743
2310
2169
5469
9149
72
8440
9698
674
6490
6827
9742
9920
6268
3089
9106
8081
6891
9640
1717
5812
1825
8511
2887
9160
4251
5774
2244
1207
3263
3828
9931
8021
7101
2401
879
8232
277
197
4797
3946
409
6793
351
8284
2069
9661
9649
1118
4076
833
1506
3357
6932
9160
6670
4140
1910
74
3193
2982
2319
2489
8190
9346
6170
3670
7097
4824
4305
2501
66
2356
8577
4398
8587
7673
5854
9109
6155
2039
279
4012
2508
2367
1708
2456
962
3494
7213
3153
526
4681
8676
1246
5073
209
405
1504
2965
6135
4885
1966
6616
2457
2921
9282
2650
605
9953
2641
4266
421
8357
1120
8779
3331
4574
2389
1357
3551
8744
2988
4041
5720
6742
3995
3245
808
1239
9800
3289
1467
3368
6121
3449
6512
1450
2221
548
6160
9157
7913
9204
6015
8317
2469
3111
3297
2580
6632
4725
4207
8400
4849
3347
3770
622
9384
488
447
647
9748
8846
2844
3570
2783
9147
3122
4411
5751
5184
8907
4114
9029
1314
446
2407
5667
2567
7568
3541
6538
4131
1069
5852
2378
4020
3064
4115
2509
2474
3071
9453
910
7452
8851
700
678
183
9366
6436
6312
9272
7206
6241
9310
6059
2745
8955
9458
7413
2473
8361
977
2223
8850
6852
6509
7604
6089
9646
4915
4461
2800
722
2909
122
6327
7965
7752
917
3125
1629
408
1490
7672
2809
4058
6793
2121
6834
9882
2183
5363
5945
2503
6769
5205
7697
3780
9914
9126
7637
128
2360
1161
1901
3736
9378
369
1661
1163
9756
759
8479
7375
4791
3481
3555
9490
3682
9653
8227
8579
7381
4615
9356
114
7888
4127
7994
1862
2736
3943
7138
8126
1666
1555
9910
1449
2010
2633
6085
57
1302
499
7713
6613
5326
531
7909
9343
319
1062
8631
22
553
9628
3050
7564
6358
8088
5127
7418
4892
8867
2429
2563
2996
4789
3286
4167
5243
262
6924
4489
9737
2450
6140
8658
753
4044
3929
8263
2648
2244
4084
4281
2442
827
6715
9516
2537
359
8096
3786
8407
7714
3644
7385
390
9080
1108
8378
3341
9729
2330
2035
1598
6891
6646
8575
230
4732
4903
2884
3429
3734
1172
1493
2527
2428
1432
8154
1906
5460
8142
8829
4041
3630
1689
1910
6399
1747
7464
6170
9304
7457
9079
8414
4077
8743
9897
5330
4422
7100
8277
9052
4382
7941
2559
7395
4561
1366
744
3806
7833
4248
2584
1547
6825
9708
555
5748
5305
5823
826
4159
4868
9199
1948
6868
6718
3101
7101
9653
7193
1139
8429
9065
1274
7448
1451
553
1032
3906
2356
1552
6037
4987
4823
5468
7761
1143
7771
3882
2666
6212
1907
97
504
6195
4337
4316
1416
1398
5544
6174
9447
8939
6662
1666
4994
9480
4370
5137
396
4567
8131
5688
7360
3348
3266
8024
2119
3076
1184
4351
4699
2457
4730
4568
5421
3476
2108
9662
2421
3546
3060
6823
5288
2537
3977
351
4318
8668
2844
2610
8148
8894
5165
4190
7760
2412
2401
8407
8372
9982
6642
573
5508
8743
2168
8220
3099
9866
5287
2723
171
3024
792
6359
3091
7767
5533
2296
5910
4285
2783
5571
7450
686
9178
9786
5550
4362
28
9714
9264
4587
4154
715
6013
9429
2099
7301
2986
6910
825
833
6387
6256
429
7909
9970
4253
6186
3893
3250
243
2341
6686
4036
7536
5587
6116
6930
7095
4492
9567
9042
7875
655
4929
558
748
8485
891
6033
5480
2602
2241
6212
4308
4202
4667
9003
9875
7720
750
473
7861
5749
8682
6843
8059
2271
1572
451
7611
7448
9495
2388
7392
9
4279
7534
1875
3062
8135
9162
1935
6963
2715
4376
5649
3191
2656
310
6303
3312
4923
1301
5868
552
2655
6311
1897
1271
8227
2555
317
8328
2787
6556
8935
5776
1813
1526
5555
9181
2079
3563
9196
1643
3400
3493
3394
3485
3500
7213
3468
1369
452
2876
7631
4837
9765
8847
4175
3249
2903
9264
7029
2645
3865
9235
3794
5677
7027
1166
5780
2434
4765
9165
2903
1306
8494
8533
2525
7250
1655
7303
5088
7228
5057
6391
1159
7236
9540
2365
2119
2407
3338
4491
4204
1990
9987
2385
2585
4359
1402
1278
7341
1725
4903
4632
8022
5849
343
2350
970
7201
1641
1371
371
4848
1210
3693
9099
9693
8804
1815
2905
6033
9250
36
5706
195
8471
1166
4180
6166
5632
7966
3510
4807
5735
4596
2244
1023
3273
152
8530
9359
9114
7250
2319
3421
5064
1752
4276
233
9981
9814
3036
3877
2345
4515
7271
2709
2239
7777
8474
2371
1326
6293
6665
7206
6100
3496
2583
5044
830
2269
2413
294
4258
5972
489
6299
9217
7118
6921
4655
3863
6018
1737
5389
5237
7200
7577
2755
9810
3156
851
5637
7613
2604
3819
7765
3205
3437
1544
5825
236
4148
4466
2653
8394
5609
4396
6531
1022
9768
3603
2072
5771
8819
4792
4177
5296
2482
1643
4101
6999
4205
6024
6629
7299
9435
4935
3097
1556
6331
5422
8205
3469
3588
3945
4092
136
200
5645
8556
4280
6494
6602
2138
2159
5344
9008
775
6337
1570
195
6596
7992
9333
4193
4633
9642
3370
9074
8668
1256
4522
6002
5648
8952
6278
1980
3884
6469
6987
8567
2046
6469
1976
69
591
6780
1459
9449
2649
8624
4632
5833
631
9804
8451
9349
1403
5880
4417
2711
7717
2473
162
4395
2387
1557
258
5409
3540
4442
5784
1280
8066
9823
6014
5565
3711
4523
4530
2204
6958
1637
348
3030
9910
2283
7441
3741
7314
3703
4935
2492
6797
9279
8603
7202
8509
5372
1455
4640
6188
3933
6840
2928
4607
253
759
9289
5552
4802
662
9921
7791
6840
3589
9202
5913
877
3685
3408
743
5550
9638
6937
5771
7506
1164
2046
3798
3701
5383
3026
2733
3192
1907
6448
2125
8423
6252
2082
1788
5403
230
7967
627
2145
1581
3636
8969
8330
8841
2647
1457
2004
5588
1976
7815
1354
1742
344
3270
1832
8208
1326
1854
7762
1472
264
2468
3140
4885
2191
331
9708
1276
5503
8946
9144
1130
3029
7181
5754
2227
9545
3384
5635
3274
5406
3881
7855
9129
1768
7798
3197
2915
2173
1079
1554
297
9359
7181
734
4170
5273
7939
8399
4414
5480
4852
6949
9701
1484
1966
9862
8507
447
8453
3762
2768
7974
8234
6873
1925
7013
717
8748
8680
2839
5713
8546
1876
1438
7503
1212
3971
1624
9150
523
6230
1875
7378
2816
4342
2210
2514
4660
11
5489
4447
7385
3725
2293
1217
6641
7466
7800
2291
8653
8727
3539
9907
8313
2906
6300
3299
9334
7575
8947
4579
5192
6506
4152
8019
1521
2757
1359
2403
9757
570
3062
1614
1184
1994
8390
3718
2685
3519
9640
2481
1225
4168
3594
2821
3263
4355
3698
5200
8004
9552
6819
5387
9886
2066
5566
2431
1521
2233
6954
1913
3130
1055
2583
4362
4591
7472
927
4402
3366
429
6302
5406
7830
1234
2499
9695
8636
1463
2712
6926
7646
660
2223
3277
9381
1240
5933
3199
486
716
9964
8474
7281
2771
7259
9564
6255
7941
9208
780
5413
1740
2577
2115
5214
6814
4391
3546
2504
9901
677
197
2365
4012
2320
6033
6821
19
5022
9834
5306
196
7692
6224
8620
4062
5787
8251
1270
1841
2714
8140
8385
9732
1514
7814
4871
9076
8046
3469
8539
2382
417
5358
8247
9535
6141
1983
8182
9738
1929
1544
9315
8858
386
6451
5313
6472
3422
5615
8413
1662
29
5083
9137
8189
8257
5713
7515
5148
6879
4641
3245
4818
6853
7984
5061
3351
127
4464
6736
6630
6773
4466
7835
1701
7400
2681
9434
5816
6445
2081
1212
6083
5448
752
8431
9630
2365
2108
304
6206
4482
4477
5958
161
4857
5043
1792
5626
2589
3963
6891
9503
5163
8895
9864
1615
3796
1756
350
9415
6623
3928
9644
7831
2372
371
8786
5313
8262
4061
6848
1313
1857
9241
6078
7331
5860
3200
2174
2721
4784
7673
5887
364
6499
2055
9156
9374
974
9363
3028
5022
2285
2668
2899
3059
8840
2477
3857
3532
3093
4494
2738
191
6337
5741
4142
3984
2319
6046
3625
2276
2608
7168
8261
7191
1204
867
374
5339
3279
6199
5270
195
7247
9510
9387
4735
3069
7845
134
248
562
1558
13
9374
972
6866
748
6511
7714
4101
7239
8123
8292
9035
6915
4998
726
1946
166
2222
6927
6271
7707
8462
1884
4285
1194
6482
7914
8867
6936
1228
7093
4798
2699
519
7914
7743
3793
8345
1012
2046
1634
910
5317
399
7586
7538
306
6068
7164
8927
5541
9667
6571
2089
2061
9289
2394
7046
872
8479
3647
8210
1204
6221
8499
8705
2259
7884
2310
582
509
9792
1872
1940
730
6
8843
1763
7904
5401
3679
2870
7385
4251
926
2074
201
979
6274
1985
9615
162
5251
8896
4138
9227
1565
294
974
9042
8161
6894
2758
5875
1163
4870
1756
1607
2085
4433
807
114
4010
3194
8133
3968
9900
923
9753
8274
5338
284
918
707
2332
8031
925
9680
6337
7836
5667
1816
3276
8617
7031
1296
8538
8476
3026
2266
4311
9972
4560
1766
3362
324
8094
537
8222
2642
4117
4254
3002
3279
4502
4683
8306
3559
4853
7605
9863
700
5355
4582
2414
6894
4695
1214
5637
1118
3813
6823
2587
2611
2962
1614
7232
2572
7759
1759
8986
7207
4324
6160
2969
4658
9190
8273
3886
7696
5772
2721
2248
1678
6462
1797
1470
8838
5375
485
4388
1812
797
4503
2344
2551
6374
9537
9260
1674
3950
5977
9817
6100
8590
926
7089
5997
6751
2669
3686
8626
1783
6141
8970
7610
7283
5692
8102
4761
4182
8125
4863
7461
2529
4002
6310
1496
644
6183
5070
646
1971
2079
9475
2303
1692
5187
1961
8455
8056
9607
9619
8804
6481
4207
3030
5992
6291
4579
3869
7551
5557
2847
4654
9019
506
2862
5580
1582
2643
824
2271
8695
3463
7801
4017
4770
9430
2500
634
1081
4154
9672
3662
3887
15
7425
6645
2207
9365
7314
7627
7760
3892
290
2265
8092
2559
9173
1316
289
3035
9661
2149
9079
242
352
7865
3955
1395
5051
9834
811
733
1223
1693
6571
9100
7691
173
1224
8722
6066
3832
2979
8442
3023
952
4177
9465
4334
3045
2760
6277
8589
5209
1244
8763
4091
5509
1819
9900
3023
3810
4165
888
5932
8586
2752
7630
2131
4263
363
5057
778
9772
9538
5647
540
420
9121
6639
290
7591
8412
9545
432
1172
8687
123
5618
7035
3521
3816
760
490
5551
5123
6016
8651
5366
8829
2035
476
7600
5404
243
5567
9731
1276
9268
4051
1590
4138
9527
7379
5398
9342
7711
8973
8328
5593
7614
5365
4031
5808
6767
4251
1728
280
9770
5194
7780
9714
5619
2355
6031
9736
8259
6938
7359
9353
2556
9982
9206
2193
3383
431
603
4893
4337
3995
3902
8318
533
3482
8747
1260
9243
1451
7345
4444
3266
5422
7636
21
8025
9891
5567
7135
245
9667
7726
7693
686
2798
3642
7373
8202
7604
2422
1982
6686
3608
2570
8849
6450
5506
7342
4883
548
7667
6634
6506
8656
3839
6844
8813
1327
2294
9545
6857
3854
7907
2103
9601
3633
3529
4458
4726
6407
2586
750
7416
2526
1627
5541
2379
6906
2852
992
6877
5507
9388
1715
1063
8637
3317
517
7875
7293
755
885
5565
5592
5874
8803
4941
8301
5193
6334
5635
966
6362
8682
9027
4858
5548
213
4276
5063
2538
4073
1236
335
621
2596
7358
3680
4023
2502
5550
1849
4610
7627
1796
2506
617
9339
1832
2987
7252
9070
1661
927
6586
3587
136
5306
386
8034
1779
4624
1643
8001
7437
3712
9053
8868
3733
5874
7263
3689
8439
7853
3483
5699
1493
9420
2014
1189
6650
1217
5620
2049
9003
7579
2676
4337
623
724
2071
3878
6769
9838
2847
7391
7059
1247
1590
2477
7012
9546
8868
8164
9701
624
678
3380
8009
7
1083
4409
2332
682
8192
848
8502
6593
2414
5772
8623
6594
1282
2199
4069
8264
9966
1132
8859
7171
4351
1557
4821
640
3039
4288
2449
4107
3179
1304
6568
8482
7831
6721
7302
459
9312
2323
1173
5881
9186
4235
6065
3627
9612
2575
4840
5238
5809
4080
3696
3716
2672
5525
6029
108
9574
3621
1891
244
5490
757
5337
6837
1705
115
6543
7630
2540
6754
9905
4971
3671
2040
3132
6696
3403
9700
3185
4944
7086
5363
680
4507
8337
7221
311
2215
8338
4763
8722
4069
3027
2612
4357
5912
3915
8089
528
7898
7884
6773
4994
8400
2149
1305
1033
4831
2680
6159
617
2111
574
2845
1643
2862
9578
1836
8584
7304
4795
2282
4663
4150
5958
2861
5539
1556
4036
105
6288
6664
7336
131
4143
1248
2035
9047
4768
9530
2219
4119
4983
2010
5881
7589
515
9032
9379
4148
5339
3496
1706
9481
2457
2142
5364
2615
3740
1233
4476
7132
6344
9023
2104
6934
6929
209
9739
4858
7592
3681
476
3638
9844
7689
8216
469
9477
7422
1636
5123
5238
2221
5733
1169
5873
4933
9843
3644
5687
1877
475
1641
7007
4231
1540
2404
3103
6989
8340
1529
1017
2634
5124
9890
7864
6581
2849
2787
6204
2138
7765
9778
353
993
838
3658
2470
3571
6140
1762
8285
2042
105
9306
5614
8472
820
2422
7058
6603
5446
590
5885
5903
281
7636
4650
5589
3422
2888
2157
1443
7326
1017
165
5100
1043
6460
8065
6033
5752
3442
4773
3591
9806
5605
7757
7627
4960
6915
7825
4612
9801
607
5753
2696
2053
2292
7683
465
3637
2315
2595
1601
7399
9631
6026
3140
8742
8895
9498
2758
2157
3044
6872
3397
3314
6451
5587
4503
2033
2005
1845
5422
4677
581
7976
6379
5758
4394
9082
7506
32
9654
3796
9197
5977
5998
3927
4259
1925
7946
1864
2810
6981
1743
5406
4410
7197
4796
3977
3300
1021
7858
197
5683
4483
6552
927
7250
398
4061
5608
9087
1974
3919
4760
1582
5802
8380
2805
3680
3114
407
9587
7718
2135
4141
3070
2896
9159
4024
7126
6219
125
8067
1370
3659
6457
528
4009
8069
4188
6535
9732
9824
7199
3935
6584
7500
3300
162
699
7172
1500
6268
7045
5936
4906
8884
1041
5663
1433
94
4723
1315
6762
5808
8492
2621
2368
484
412
2986
96
7710
4727
8718
3506
8958
5852
2624
9645
7080
5826
1046
5267
2562
707
2851
2872
813
1294
2830
7385
3864
247
4644
330
2145
2098
4689
657
6974
8816
8619
4769
3067
5113
7007
1529
5284
7403
2321
4159
2757
8273
2158
9271
3985
7000
8004
7288
1584
1518
2293
4912
8764
5435
8119
1143
7726
7365
6991
4290
2676
1694
207
1305
3206
1745
4782
4731
5177
9870
6119
3680
403
1073
6213
128
7808
1674
3405
3090
7973
6808
796
5815
1427
5815
8883
4264
1086
4108
5504
9069
5615
5310
8223
2015
3846
120
2672
2176
2404
5676
6011
8730
1112
3594
6689
2822
1736
5969
5221
5502
7411
1365
2860
9188
7221
5170
1008
1205
1418
2320
1211
1928
4246
8647
66
3963
8597
1445
9087
8528
6702
5502
5380
1812
3869
915
381
705
514
7686
6549
5124
4148
6797
9083
6961
3017
1077
9959
2693
1962
3864
6712
4333
1299
18
4528
5125
649
3265
1282
5748
9311
8283
4538
1878
7242
7221
1854
4425
2084
113
180
7308
3086
2119
5076
3893
9961
2135
6431
3138
3846
781
9616
8883
2700
3222
2865
2694
8315
3299
1521
1394
5743
9516
9030
7096
7687
4103
7294
230
8662
329
298
9390
4250
6523
8060
5880
2395
2433
9744
4467
8854
4215
841
2705
4187
8620
494
8612
563
3908
3685
1395
4710
185
254
2082
1244
562
5124
4433
5666
9206
3551
9619
4479
8307
269
3345
3400
2618
1682
9520
5585
8253
1854
9601
1926
2060
5294
2968
3177
4860
3893
8975
9195
5065
7613
7900
4608
237
2616
1712
8318
7570
3516
8225
4039
5940
7246
2314
3096
1595
3726
353
3297
8856
2964
2362
6357
3181
1001
6138
2596
3330
7114
191
5384
9957
1896
3134
6828
6945
4819
9580
5044
1107
7928
7425
2776
9769
7848
7178
7571
2059
8747
8238
3596
9391
2261
4916
9426
9880
2120
9411
7613
5598
8858
5001
9267
1684
8057
7280
2072
838
2860
2846
234
8225
6987
348
1196
7543
7010
6857
6112
4963
6546
9200
443
7867
5608
4023
3507
3844
1778
521
9372
889
5183
2359
36
8095
3511
6282
9628
7779
8411
220
856
8357
2286
2104
3849
9961
4676
4175
585
2283
9385
4637
5685
2467
486
2043
3554
7785
2799
4726
9673
3067
8225
2351
2853
2525
2602
3605
1136
2736
3689
2176
6008
7494
5112
9791
8711
1285
6870
6484
516
9786
3690
9006
6292
480
9381
5864
7717
2673
4936
5424
9900
7867
5126
667
2685
407
6603
3623
6123
3622
6989
3089
129
4349
3681
4183
8880
1492
2929
2273
2474
8729
5581
2140
1582
9369
864
9046
117
3266
4868
3537
9325
1202
1880
3058
4931
9892
945
9929
3702
7453
1615
4630
858
4194
3138
8042
7035
2429
2732
1788
1762
4159
2568
4157
3228
4007
1276
6910
9145
2580
8971
896
6803
3624
5022
8108
2032
7389
3524
8100
3641
8653
5256
4073
4572
3324
8322
7807
975
584
3936
4718
9654
7685
1861
555
6326
1138
3043
3142
4699
192
2246
1317
1847
3092
1633
7232
6860
1402
861
7390
828
1820
2302
8753
6383
6292
8233
1902
9157
5391
5811
2512
1692
866
3132
9884
20
7681
1900
7031
2641
5629
460
5063
3553
9438
2104
7448
4863
386
7475
1809
4199
6197
4300
7142
5675
1441
8799
7967
6853
2615
2639
9448
9389
7359
7443
6074
6878
9661
4127
7930
7572
517
5237
7152
1673
2671
139
1371
9153
9358
3742
6276
1649
126
5031
2240
7799
5372
2877
89
2758
971
4780
3711
2993
772
2788
571
1819
8813
3781
8021
8364
1965
665
3511
5543
7439
9986
8913
7113
1589
807
462
7892
4895
1593
2647
2381
5709
8554
8806
9618
1041
368
5246
2560
6808
9623
5737
6580
3210
997
5090
2625
879
7761
2052
2386
261
9206
8354
7632
6912
133
7721
2758
9202
9929
8099
9475
3867
7007
9406
831
817
3621
5132
274
1123
9794
1451
1857
6635
1991
9752
1163
6419
1700
9903
1779
602
5902
8039
8334
7879
9488
3388
1200
844
8224
2860
8946
2286
7411
8087
454
5700
2067
4512
6430
1471
4847
5737
9626
6441
756
8222
4593
6001
123
7873
8418
2565
1491
4678
5579
3601
4192
2015
3290
7799
6276
6795
3857
6127
3102
5802
3823
5730
8240
132
8989
5553
6021
4139
5287
8460
1827
4014
6732
6368
2061
1520
2119
9359
7932
5048
4463
1446
3102
1834
6987
2683
8895
5366
1546
2646
4344
9951
2466
8354
6294
6031
184
404
3181
5881
6591
7627
3052
9007
132
9752
3474
7317
5050
7136
3265
8757
1585
2575
3697
3061
7069
8288
6969
6870
8083
4586
8330
1614
7495
125
5388
153
8212
8542
6958
9403
3644
3519
8359
681
1617
6642
8322
2024
2802
6687
6074
8246
2282
3636
3154
2360
8966
6509
4696
9668
2742
5716
9179
9392
5141
3306
763
4970
8316
9047
1072
2361
1668
8655
9453
3812
3979
6854
886
5010
2249
676
2720
1553
3394
604
2808
8379
3231
6650
4054
486
1833
828
707
2795
6757
2034
5434
1322
6167
6488
4475
6091
3776
1892
1349
8776
4281
155
8981
1465
9221
4713
8410
9552
497
2176
6459
3446
2768
960
3099
6118
405
8504
8123
553
6047
5085
4033
113
1708
6457
5816
2218
8199
7797
2376
4317
20
8410
6279
9191
831
3507
8896
8713
5135
3607
2067
1874
2832
8023
7661
8954
2241
51
9098
6144
7371
5874
664
7847
9156
1105
2366
4972
9987
43
4173
3707
1268
6202
8917
3506
4846
4717
4939
2806
3124
8410
1753
7189
2105
9366
2422
4220
7095
1635
8232
3962
1905
7993
1048
3860
5927
841
1093
1642
7610
2477
6156
1354
8529
1908
9958
6180
9692
2333
1681
6734
1783
1121
100
3833
545
5622
9838
7203
1757
6609
4286
382
4248
9675
1448
3088
8173
1560
4198
4893
1893
8052
1053
1730
1043
7695
3858
8196
7839
6059
6509
2697
1633
7299
8620
3764
9841
3134
139
1559
6220
4884
8483
995
5818
3792
5904
7764
6317
8487
2504
443
3244
5432
441
2140
5089
1220
306
6985
2416
4704
5652
1262
4698
3528
2986
5392
7425
4583
7943
3775
4748
165
671
7843
5917
623
7305
1254
2289
2333
6531
6622
5495
2384
903
8254
2917
6699
5916
9197
1671
19
352
295
7274
186
5797
803
2456
5592
105
405
7573
1643
8699
9413
1738
2321
778
1456
8447
4835
960
2044
2062
1317
9567
274
5509
3835
5931
695
3436
94
696
6027
1624
3134
9349
6839
5376
890
6794
832
6430
5071
6270
8945
7288
1214
8603
2936
4192
4289
5702
9007
8712
350
2410
6766
2586
6124
820
6559
8967
5958
4549
7522
1518
4799
99
1251
2815
917
4257
8344
1793
1688
5088
591
1
9805
9765
9256
428
1710
9293
9022
9102
3940
5951
4668
5372
8088
2449
8317
3567
3285
8622
6677
6690
3091
6966
9310
5454
9680
6518
2453
8404
3759
2713
6023
6891
4166
2095
5110
8490
7442
9966
2817
4776
3950
4486
5442
9362
2500
681
3945
8733
2387
1867
5450
1149
2482
3030
7202
7397
4132
3681
2112
1440
2876
7474
5057
95
6082
2273
796
2292
4551
8415
4800
6862
9653
8392
1690
7718
1467
5701
6171
7241
984
2084
6938
4871
165
5531
3094
9564
1400
6395
799
5885
582
786
5029
6869
1977
6452
1137
640
2658
3963
6899
1608
497
1356
539
6174
7043
1227
1404
827
4203
7618
1533
2104
5428
1406
4370
6299
7717
5851
363
9922
7750
2065
4188
9589
146
2399
4860
4919
2414
1159
1954
381
2265
2074
3021
3667
7844
9605
5266
5275
9044
124
5228
295
278
7286
2094
8761
3954
9321
7181
3241
739
9352
5532
5751
1830
5658
7991
2481
9953
5949
2021
2439
3686
3626
7464
7869
743
7339
2598
4257
7148
1802
4077
1165
515
3964
2082
8767
3928
1854
1531
4264
9702
8686
5742
7970
4604
5086
9385
1109
7971
3972
8372
6620
895
1333
5028
723
1940
8932
4689
9332
5867
5397
2505
7938
197
1927
3830
7717
3327
4577
3758
5688
3046
1964
3483
8447
8989
81
3498
3933
7421
5029
7031
2421
1901
1058
2473
7375
4818
4744
4809
1645
6120
2500
7769
7038
9937
3055
8819
4899
2478
9162
4271
641
2972
3544
3865
2806
2912
8894
386
4511
3047
4150
2166
8921
6583
3050
6623
7
7626
367
2680
228
4540
2479
7188
9161
3074
4460
4975
4721
9117
7826
9077
2058
2704
4716
1218
3487
3406
4778
7401
2372
5080
2225
9930
322
3302
7028
5438
6772
5795
5553
4468
2001
6862
2479
3681
3738
5038
1879
6675
1174
1157
6096
2551
6077
6489
6464
6316
3586
7679
1535
264
9620
3080
8142
1225
8710
3985
1560
4174
1790
9622
6983
8327
7931
8999
1259
5770
1707
1213
9047
280
1675
2846
2812
831
3104
4063
3930
1921
5782
346
4580
7525
3255
6561
9411
5100
8526
737
8526
919
6221
9354
8265
1624
2411
1502
9819
9270
2738
3544
5556
8596
3224
1375
7359
6724
6748
1723
6420
7240
644
5128
4337
569
85
7129
3242
8124
9330
8606
2047
2130
7192
1800
9933
2638
4954
2332
776
8365
2472
4999
6231
3649
2405
1345
5200
7566
7657
6789
5701
7929
1092
1456
4543
3613
2885
9112
2075
543
5802
3439
3394
8789
568
2024
9453
7171
4654
1321
1752
70
8053
9569
7287
6677
1994
9228
9575
6293
9679
7605
470
1627
7934
635
9477
3703
5936
631
1436
9055
4974
2333
3311
8553
6486
8881
6752
1934
1263
8476
3686
1467
896
6735
7404
5370
1582
8903
4268
1441
933
8001
3582
2424
4330
3072
2267
3489
2254
3597
2087
5107
4533
1487
4159
8071
5512
2251
383
1159
1351
5677
6359
771
5619
2536
9423
6631
3115
6122
1912
4378
8277
8372
7589
855
1328
4888
1050
1217
823
5412
4483
3827
8984
8974
537
662
8022
4736
4129
9990
4908
7750
4565
3495
3876
4037
3111
6579
1959
9582
2914
6536
7301
7364
9203
4976
6791
1307
7273
9665
7667
7265
473
9558
719
8577
8661
1405
7594
3797
3166
19
8744
5852
6407
7981
7756
9325
7932
552
3067
2619
995
4947
5102
7417
4833
987
2008
496
8464
2743
2009
1374
1600
3094
18
417
2524
9286
2074
6853
2366
358
321
4090
3301
8174
6387
1977
7510
333
3743
7672
417
2243
1976
9229
7814
4305
7851
2495
2696
7197
7346
3747
9104
2746
2281
4790
9429
584
5279
5110
3530
1032
9456
1206
9976
850
4864
2129
5166
4154
1946
126
8758
3888
794
4517
8411
5096
312
9218
8584
9834
3142
5879
5618
2202
6955
2167
4456
1642
2529
3568
5385
6815
8316
7816
1703
8386
2557
940
8379
4999
5222
5
9674
2643
9326
8796
6582
9977
6038
5518
8056
3062
365
291
3468
2670
2450
9356
1533
2710
7880
5484
3588
628
9727
249
4299
3220
2032
7827
4326
9532
6233
1972
9060
2402
2378
3063
913
9245
8495
8126
3584
4889
1487
6063
4681
1806
1220
8879
5133
8563
4124
5138
3489
5680
3327
8401
9658
625
7362
461
9878
3634
8300
5331
7196
9895
9031
4881
756
5178
9033
1176
953
3387
4947
530
8206
6483
3610
2357
271
9577
8324
601
1834
6089
2181
5111
222
7010
6891
5843
531
2399
1559
2331
6602
9144
1565
64
8549
2042
4125
3444
2026
9460
3459
9284
4389
4483
619
8825
2508
1728
746
2666
7831
7961
6169
628
8975
542
4931
3692
9781
7372
4033
8788
8646
2543
8228
2684
4734
5011
2595
1115
6444
2380
2933
8943
8805
3879
65
7489
715
3825
8692
4220
7614
1078
5827
7071
4979
3292
4529
289
9749
2081
1636
8997
2473
5315
9843
6142
1143
1247
3922
7781
4390
5947
3554
2680
8422
3656
4882
6661
2612
7506
2667
872
1481
2746
1274
1201
5076
4630
239
169
5018
3735
7094
3591
3307
8283
2131
6558
6534
9892
1636
8905
2128
7865
7009
1930
9905
4780
8663
7598
5391
4476
4678
4789
6655
5643
520
5489
2185
9523
5347
1662
1564
4292
6560
6145
4146
6801
3388
3843
2133
1004
8223
7360
6466
3135
8188
3610
6845
1901
4584
660
629
7575
1007
6396
5593
5507
6691
3208
4235
5771
7414
5813
596
9394
5770
4876
4072
2892
2342
1702
555
2158
4684
6193
7525
9587
9017
3971
9762
1649
941
6382
4909
4172
8364
1605
6606
6217
8036
8878
3537
4005
4432
3000
1945
3895
5579
7103
9940
340
1993
6558
4113
1842
979
4789
5968
3423
4626
1979
3337
7106
3918
2709
8127
2769
502
1191
470
869
2387
586
4643
459
1432
4623
675
1869
4733
5859
7455
1297
4077
4164
4814
7760
6652
1011
5771
905
4413
8698
7481
6102
9282
9456
6260
1936
9909
347
7658
7311
5463
2133
5417
1428
2184
7569
6011
3835
1558
6048
7328
6283
9065
8527
3290
2368
830
6292
4223
8363
3746
2377
730
7383
690
3848
291
303
7809
6360
2800
4303
874
3654
9804
1577
6422
2519
8568
2297
2271
4445
9119
7578
8934
1912
942
9034
531
7776
6387
3259
5035
592
1316
8908
9686
7748
52
408
1393
7543
7459
5357
4578
8230
2291
2864
8155
1177
4194
6206
976
8003
7396
1366
4396
3143
2256
342
6193
4478
3407
355
8350
4710
9936
621
7398
3197
3152
3778
7663
4927
120
433
2120
6348
7911
5618
7359
9038
2897
964
5825
1081
5576
1127
4899
6531
6954
6396
6769
7286
6972
10
6341
8820
5910
1682
7306
6875
6046
5844
1281
6105
8969
403
5236
4833
7775
2999
8281
4318
1614
6722
1162
2680
7618
8710
1394
181
1684
2676
170
2801
4848
8184
9318
801
3788
2163
6313
4565
7430
2104
3952
2460
9117
9196
6942
8988
8003
8232
8371
4562
4208
4544
914
3671
2490
3257
803
3220
7253
4951
1126
3959
2582
900
7402
5094
9516
9656
909
7763
4848
3653
6116
865
7068
8882
3677
455
3563
2907
2115
5570
4240
7479
4130
7871
3545
5050
7084
5801
4165
7131
2251
3872
6259
7016
6680
8859
8733
2665
9932
7071
6389
1651
6949
9216
4559
7982
7002
8279
2736
5913
4434
4165
9429
5021
4978
8200
9142
1663
7398
3563
9852
7881
8515
3058
8049
987
9210
3047
1239
4446
111
3262
3452
2858
4362
1968
7485
2537
8061
1686
8809
4507
2824
2660
1655
1419
9978
7753
8185
3506
7641
1475
5907
2314
4
6680
3431
2869
1318
5170
2067
4704
3293
1755
7982
6866
5004
6298
5902
2265
3118
4540
1150
1544
2445
5462
798
1833
3538
4266
5659
9353
749
2761
6385
4756
4694
1768
8430
2783
5301
2693
2104
9589
6448
2604
5234
6099
2563
8709
9563
3336
9093
2576
2439
1639
2728
6932
2595
3408
5185
2884
7091
8046
2857
6132
9502
8753
147
8298
6844
3679
495
5176
7471
1702
6126
505
3776
8582
1159
1194
7915
3901
2490
1707
8669
8850
1843
758
8013
2502
4032
623
1321
4024
1606
6860
7635
4296
4578
8120
1324
4110
9436
4898
1214
1164
2304
331
9952
2401
6416
9536
4566
5791
2164
2485
840
8992
2228
3347
9412
9156
9847
7442
502
4558
6141
4011
