5622
593
5786
487
5059
5460
627
7932
543
3469
9006
1594
3419
1245
997
5008
53
8360
396
101
1566
6249
2292
436
6081
5395
4750
9638
1793
6986
1571
9366
5234
3299
9460
6530
9019
1946
5150
4142
9594
7171
912
8445
2680
1635
768
8210
1839
6335
6282
9923
1241
4869
6410
6016
2539
5226
3213
9219
6738
7011
4515
8504
2396
2824
872
318
3019
614
1747
1647
2197
6196
3358
2445
1247
5689
7559
5229
7084
7500
4038
6424
8032
7467
3232
9567
1930
6336
363
64
6353
401
3092
3559
7198
487
8718
7798
1883
6882
3435
9591
6346
1994
2959
4257
8713
5593
3011
3178
9876
5015
1304
7020
1724
6726
5676
7131
9863
2863
8146
7925
503
1292
1389
2155
7727
9592
8509
6784
9284
3460
1966
5375
2496
9692
2524
3026
2445
9129
1964
192
8464
6792
6999
998
4340
8155
4328
3002
3336
3694
9160
8731
2363
5580
535
173
7928
2659
3646
804
9437
8662
595
191
2496
3634
1677
6999
5891
6915
761
968
8023
2727
3468
5055
9520
2867
9578
8036
1816
1397
8358
8586
5654
8601
2090
53
6976
1424
2650
2491
1566
3631
4084
1790
7889
7380
698
6297
3044
2397
4484
2921
8962
860
8175
7758
5912
2038
7787
8578
1692
524
5812
9929
4639
7452
9118
8026
5439
1304
9158
9117
2047
5110
7623
7877
9915
938
2219
1216
1207
1857
6947
28
7543
9519
8168
620
8245
7980
6818
9228
3518
9307
6713
5377
9662
4827
1723
276
3581
6929
6397
897
1193
2677
8981
2715
8438
9068
1223
2227
8228
7174
3471
1752
2497
7945
1151
9793
1790
7534
7737
1145
309
5194
1375
490
6075
1791
3208
2317
1363
452
1014
7152
6468
3203
3590
1593
1323
4674
584
1674
8036
5828
8112
4118
5013
1824
1643
7764
2363
3138
1414
9281
938
385
9692
1626
8079
6705
5614
7915
136
9401
3704
4609
342
232
3922
823
593
8180
5524
1007
2333
9827
9197
1406
4909
4365
358
8269
4629
5602
1922
8542
7811
760
4985
9164
417
6295
5253
1862
6484
6057
1356
173
1369
6300
1184
508
6897
6458
1924
151
3370
5083
5488
1687
1696
6921
9286
5846
8259
3028
2069
3157
6427
8647
158
1510
1145
4587
4405
2743
2848
4682
442
2620
3108
7847
5321
704
8882
60
9711
8141
2240
4804
2783
8522
4582
8362
3844
3508
6237
1890
8935
5617
7511
8358
3234
8321
6096
9507
9622
7397
9667
3222
4250
5365
735
1377
5014
6332
9356
1523
2239
8647
585
5030
2851
2030
6936
1242
1799
3378
4860
1490
8335
2200
3185
654
4591
2820
7181
7977
655
921
1541
8836
5028
2000
1667
690
444
5032
5287
2597
2442
5517
5052
169
1732
7820
1821
4560
8809
4981
6503
5662
9286
7442
800
8277
5259
3944
9624
3588
1530
4971
4463
5131
1839
758
4935
3491
534
5467
572
4251
3913
7240
3905
1926
1434
8059
9229
2067
7344
5256
1318
7677
613
6904
3564
4885
3087
2500
6425
7228
5005
6690
9656
7701
6101
1743
7348
7546
171
94
4338
1134
9828
4176
3185
3139
2700
404
3312
8429
3301
241
2
9799
4338
7170
5454
1652
2115
1169
3897
2617
2577
2551
9736
1353
9884
8002
9024
7920
4050
5161
1569
9876
8483
9628
9475
1177
7779
9071
687
293
2160
4456
9329
2660
3989
3079
6301
668
4894
5574
4431
1842
7245
6209
9783
1807
4845
4456
7861
8046
7300
6866
5250
6327
3294
8773
5439
4545
423
3763
6593
9059
1753
5990
6622
8028
1832
8800
8401
8771
5706
3212
8196
1521
7979
8953
6270
5071
3295
664
7835
9722
9321
6276
4220
2782
5564
8658
1518
1809
352
7977
4271
1503
6104
8643
2510
6663
8865
1220
979
6483
109
1755
1439
9405
785
6487
5364
8065
7132
6363
9000
6510
2713
1637
5319
753
8950
2044
6999
1603
6022
9000
8352
4689
7748
2550
8171
3229
362
1020
7417
3539
9856
7978
8184
3311
2104
9378
5698
1389
602
393
6422
5872
9884
6062
4011
967
6692
794
6178
3694
2929
9609
7628
9361
8182
792
5324
5222
7561
9903
798
1659
7979
8834
5767
9421
5416
914
1759
8699
4146
7305
8477
2570
3673
2614
993
602
5454
1413
6664
2377
2536
3603
6123
9943
2951
1089
4537
7434
438
598
3895
3475
3702
5914
7605
8448
169
8176
6035
6259
9484
7988
2387
9731
3961
8150
5584
6049
1484
3349
4912
5854
9508
1343
6486
8379
1020
8567
4155
5793
475
6857
878
9139
5833
987
4889
2240
4547
6500
2406
7853
8992
3505
7618
547
6596
6085
9569
148
8917
7921
2386
6852
5549
1444
3828
7526
944
7461
297
756
3423
687
1146
2483
1067
2156
2124
2710
1005
7781
1681
3713
166
2329
5249
8273
6162
2556
4427
3259
1475
8321
3863
3699
1099
8012
190
4990
3626
7713
700
6681
2697
657
9956
6555
5685
6006
9892
7368
736
9404
7131
6056
8389
339
1369
7303
5979
7490
262
1118
764
7919
197
323
8102
4476
1770
2060
625
5604
8106
2458
4290
3590
7794
851
3855
5456
3787
3792
5364
9777
652
5240
5862
9752
8145
2092
6406
4608
2410
6982
3513
256
23
3484
1701
2526
4466
9241
5854
357
8573
2573
7394
1799
2079
4083
4865
3604
5481
7924
1857
1098
2141
1915
2673
8495
1057
7160
8237
8654
368
7785
4337
5215
5282
6
1314
9338
3870
6251
5577
3068
4237
9884
9937
6923
7152
6948
355
8183
9956
238
2079
9362
7349
407
6798
9137
593
5396
9302
9859
559
2448
1902
8386
4000
7849
5091
1415
6964
2028
3946
2243
5008
7309
1350
8859
8751
6588
2620
1571
2742
5108
469
3279
7260
8726
8565
6118
8858
9750
634
2248
9103
6340
3830
1697
1976
2269
2688
750
430
4723
232
6560
4112
7834
2570
5759
611
6596
8005
3552
2678
6976
9133
8122
7019
2399
3421
1285
2963
1543
305
6404
745
4043
9026
2789
5554
8586
9731
359
643
8935
6061
1035
852
42
502
6798
2324
9781
9046
1317
1917
7577
9981
7418
8697
7865
9167
3895
6101
9391
6818
2864
996
9359
9818
8406
7159
3257
3347
9817
5372
5714
5407
6397
9541
3653
6319
7712
5947
8165
2327
6699
7618
9783
8126
8488
4062
782
8723
611
2006
7511
8487
1491
8456
9766
886
9931
2526
5568
4935
1420
7616
8091
2903
2478
570
7379
7168
9726
3231
222
624
6170
5789
9298
183
9675
9043
4325
5665
7202
496
2949
4054
406
2494
7498
9262
1693
7936
2105
6328
6793
8999
8314
5532
9285
411
6604
8928
7856
88
1943
761
3609
8519
9122
1506
4812
6494
7046
385
2379
6395
1123
9304
8753
8333
1233
9865
2659
7443
7818
3630
7512
6378
2311
2632
1466
544
1240
1750
2605
9358
1927
2985
7536
7366
623
1717
7058
1738
2249
3931
2263
605
7511
5988
6699
3661
3333
9968
8134
3953
493
7217
16
5231
762
8657
5543
8530
9567
1755
3806
810
9064
1593
6648
1044
8001
6410
2294
8716
5222
6934
6542
7344
4891
7364
5437
5863
3677
4731
1901
913
744
664
7930
6273
5259
5953
977
2472
2697
6567
6779
1140
8689
9841
8745
4969
1056
7142
2960
6606
2165
7915
6151
1371
9942
2655
7182
3714
3057
8898
6849
9548
2021
9053
6973
1605
2146
1982
6339
6555
1806
2546
7867
9506
2586
9497
4570
1708
6884
5284
9751
8743
1262
7746
1130
759
6639
5356
5175
5686
1481
7869
506
7161
603
8966
5586
5797
4215
1025
5907
2737
3670
4788
7206
3694
1755
1288
3972
6069
950
9867
7156
2623
2682
7955
625
4123
1792
4932
911
7179
941
9395
6111
4368
8370
2956
8769
7576
706
3553
7529
6293
3434
2660
3189
6719
3644
2760
6974
8940
1548
9730
5150
8207
271
6885
5025
6159
576
5119
2447
3290
2645
814
7704
2330
34
7847
2545
9830
2844
4088
4766
5804
768
5964
8000
2990
7685
9343
1009
8986
9807
9683
270
6846
7094
770
8293
6572
8231
2852
3326
506
8713
116
575
2750
370
6430
5658
5144
1067
572
282
400
946
7074
9310
9377
2526
6054
2613
6486
9688
500
4539
5125
5432
3728
1795
1145
2829
2109
3653
548
6017
3182
809
644
8061
3003
8949
8565
3961
7766
9684
2520
374
6031
1352
1378
7727
1333
4033
1192
7981
7229
9310
8250
4011
2232
9843
4510
5274
64
6252
6526
646
9939
5745
7108
776
596
5978
6533
3164
1086
7685
5148
2758
2682
9381
9721
7601
7667
3854
9
7080
3656
8655
3895
3545
2338
5854
771
4838
8166
3274
1251
2366
3741
9053
8247
7324
6514
6864
9649
1230
8300
9172
7348
1864
4541
4142
2061
8442
3738
3603
6544
2208
2300
437
6660
3960
757
652
5649
857
3831
2360
8920
5698
7522
1813
6244
2113
8493
9984
3744
7157
9527
3674
8729
9830
1694
171
7446
4691
5040
6681
6021
8652
7184
6312
5303
6098
9323
2468
2639
2732
8747
4941
8967
3307
4875
9746
9363
6847
1309
1970
8810
1931
5545
5358
6675
4391
4662
5795
7388
5541
2190
6663
4209
2838
1069
3425
5514
8318
2218
6942
8549
997
7802
706
4983
911
8976
8748
8109
4367
5705
6013
9000
2983
9480
8569
7416
579
8237
7599
7560
2167
3692
6230
186
8485
5451
2712
8212
9892
8747
8820
6268
717
2923
5902
7488
6840
5353
9354
4601
2039
6699
793
5393
9729
1277
6755
4962
9026
5947
3190
3329
3888
402
8237
811
2145
562
6133
174
4843
566
8556
923
8093
9239
9498
3931
9708
2958
6741
8736
5600
5273
1551
4301
5265
9840
6307
9400
5964
56
1200
6991
314
8295
5717
1785
5970
905
6670
639
877
9987
2942
2026
9387
8918
7022
8686
1813
326
724
3720
6387
1148
1783
660
4671
8120
5490
5827
457
4331
1287
5002
9196
1236
8038
1054
4944
6953
1102
1311
7681
8905
4483
4098
3697
4560
5025
3060
7434
8346
1296
6075
5798
5547
472
9103
9475
6959
9975
8186
4401
1277
1361
747
3037
2673
7511
945
2419
683
8923
9750
8623
7106
2018
2202
5717
5804
1083
8050
1763
3026
320
96
8067
1200
8699
1189
421
9547
75
965
2524
9366
8662
2842
791
1174
1089
6027
6275
7269
6189
1517
1824
3956
4564
250
209
8260
5494
8818
1976
3798
4301
8928
3025
9569
263
943
7469
9733
3509
1964
2386
4110
383
8525
7857
3195
3131
9714
2761
4463
2750
795
1850
9480
8545
9931
300
9038
3415
219
1
1374
5455
722
568
8088
9989
1012
9795
949
2638
6760
7147
4221
3044
1966
1619
312
7102
432
955
7683
6707
4233
6950
3286
5024
708
9182
6755
9961
1270
1446
2657
9565
9710
1727
5691
9261
3740
7487
1747
7229
7008
32
2682
8652
2564
8677
6452
9409
8221
5538
6615
1655
8173
7356
5637
2474
6429
2879
3227
6802
682
2831
1369
2591
3437
2064
5586
4950
3935
922
8566
1691
7676
5399
1215
5775
8344
9311
664
1101
8127
1255
2453
511
4817
2517
6382
8470
3182
3015
4542
3866
1327
964
9116
3439
9990
5506
4183
4952
7798
1386
199
5072
1509
9370
7506
8471
9792
5785
4348
7865
8512
5680
5123
1686
7133
1095
490
9069
368
1278
1059
2106
1309
9101
5395
7346
769
8813
2161
3725
1224
9385
5022
6595
4562
1967
748
4585
1558
6812
9560
30
1048
4759
522
4610
6711
8204
3583
1127
6234
7724
804
3498
7357
8642
6517
9731
4950
8809
6167
1210
9805
1869
7603
125
1739
7744
4404
224
7986
318
5172
8100
717
4498
8817
8043
4841
8170
5334
2747
1269
2473
1607
6577
3126
4044
2220
648
558
687
4354
1146
7758
3312
9326
1397
7417
5155
5140
8050
347
3448
3479
4450
3049
3739
8914
7930
2507
9003
8838
5601
2040
1245
37
9832
7504
5137
9054
329
6160
2469
9146
5522
4530
6328
6695
6324
355
7186
3890
6215
4073
2563
3594
8865
6884
4153
5683
2311
9315
6229
9545
4306
3963
9824
5861
1078
8004
2042
1460
5343
5333
2244
3398
125
3729
5519
1333
2690
4321
2420
327
3896
4292
469
5285
5768
8836
5780
1037
4713
2875
9058
8021
8118
7462
2362
3121
9156
1833
3024
4534
738
3267
932
7008
6225
8659
7468
2753
1222
9163
7809
91
6829
3061
6424
672
9760
7139
5955
7320
9689
2186
3145
4419
8164
3506
7540
127
5625
1431
1097
7420
7897
2932
590
5838
7190
6785
2439
51
4520
2506
4833
3094
3469
9363
1666
1459
7313
2264
7616
3916
8350
409
3362
2315
8517
1910
708
5624
4142
2327
2959
2686
8381
608
7800
7257
3573
2499
7144
211
7057
822
8876
5216
1601
9110
6653
5542
9538
764
2066
8944
1761
8703
9333
2101
2353
266
8980
2628
3851
5280
57
9715
8389
3117
7516
7369
8022
9887
5815
5337
3481
5589
7082
9376
1728
7910
8288
7632
491
2502
5137
6494
5849
4084
8826
4824
3023
2247
7834
2891
2151
746
7519
1316
1530
597
7520
1014
8672
9967
3596
2652
5847
7137
499
6159
3683
2764
2690
4794
565
654
3797
4924
6495
8801
7129
1117
1287
3764
8352
2437
234
574
2456
7113
3283
6496
5662
7304
1916
7914
7615
8965
852
801
7471
5957
2785
5903
2429
4748
5864
8940
2311
5795
3371
3724
442
2269
7010
5113
8909
489
317
6307
2894
7386
2073
2036
8157
1318
6241
8600
8680
1740
9831
7997
1942
7898
5379
8184
9288
7566
1595
8857
3309
7707
9940
4959
2485
9149
3000
4367
9016
7777
5640
6417
4376
1999
2660
59
4052
4105
7320
3826
2351
8025
8761
3454
688
1542
1601
5694
4267
5671
375
748
2256
5227
5155
2
5122
4984
3936
141
2715
6531
3235
9072
6126
8703
5515
2876
9693
3753
153
5087
7868
8292
3794
5211
6086
1792
7074
3145
350
2145
2227
5501
4681
1661
7295
1580
4970
9189
1907
1595
5181
7719
2852
3833
6584
372
2982
7184
2559
4318
7995
5272
6456
4292
5721
9085
574
5681
6751
481
1433
2418
1816
4549
1710
1815
129
1045
5091
2459
3640
3969
1654
1047
3574
2723
638
4996
2047
1918
194
8592
5126
9731
3017
6739
7206
1434
2194
2818
8303
1807
3397
8739
1214
2635
72
2002
2912
9445
535
6147
6040
5816
206
7722
2735
1927
697
152
4331
4862
5742
3638
9620
5210
7209
391
3858
236
9048
1544
5963
5386
4104
9548
4364
2279
3792
1734
9765
7525
7260
9493
7882
3463
1741
7687
3160
91
1775
4071
4405
1576
9643
2489
5034
3685
2366
7897
389
8474
378
638
2218
1947
5099
100
8155
7618
5261
330
1992
188
8748
1321
2584
9319
8299
2391
9768
1721
1945
7339
5939
6469
705
4145
1491
5754
1042
9792
8918
2445
7182
5915
581
3608
7142
9077
1346
7795
2470
4776
224
9266
9389
5575
3735
3567
3680
6482
7431
2089
192
2890
13
6188
569
7414
7364
7251
5003
8966
4510
8988
7134
4694
8356
7723
2978
6437
4570
2498
709
1862
3349
9056
5561
6854
9569
2471
2821
1648
7583
2322
7482
1549
2348
6230
9241
1536
2056
5400
5235
7889
8565
1023
2433
7496
1102
268
6261
8333
1402
3032
3633
4349
1281
5244
87
3808
190
71
720
5544
2678
1547
8465
9260
1608
5401
8490
7255
3221
7119
1937
5226
2658
2015
8111
9113
2635
9681
8169
3269
7291
2940
2194
965
2185
3217
542
1275
8645
2024
746
100
6196
4751
9771
4319
5560
287
1221
2354
5075
6258
6221
921
5773
3203
336
3073
564
8564
3556
9333
7860
1846
1248
7478
3560
5284
5416
8144
7087
3457
796
442
7106
2147
7250
2910
9381
784
5936
2282
91
824
9486
3878
8767
211
9804
4407
9057
9213
3728
5268
7838
5454
7411
2855
2852
687
2412
6726
611
1114
2668
3203
3703
8113
3196
800
5654
98
8436
5063
8997
4058
1278
4281
5440
5367
8347
1349
2233
8082
1972
9403
4897
1709
8435
338
4069
5593
1218
8919
650
9516
9924
6519
2540
6721
9123
1646
8836
7519
2890
6385
6312
5055
5892
2969
5927
2616
5093
9169
3541
4093
8024
722
8580
170
2136
9133
5012
3099
7970
4505
7116
9262
2795
29
2889
3433
5758
1456
3558
4575
3529
8975
349
911
4073
1440
3309
9213
4770
6340
1917
325
3603
7793
3071
942
1930
2721
1737
5996
8020
5621
6256
8728
3272
9343
8885
6179
277
9662
1861
4408
184
1531
2140
7346
5779
2468
8073
7423
474
1142
5624
4019
4111
7072
2732
1903
4065
5014
5787
8468
3169
6755
1727
9603
4485
8803
1849
9814
9072
6976
7657
7940
2753
7019
2043
2545
4651
5021
7044
5588
9829
6751
110
2110
6931
7367
3793
7015
4853
2499
8034
9931
9967
5819
7360
6885
9625
7026
7964
3355
7751
301
9497
9402
2267
4376
8677
1619
1849
7653
2758
8134
8828
1686
8456
1230
3127
2605
5430
782
8975
4866
4840
1194
343
4773
6092
6121
4716
1364
599
5513
1138
3359
6109
3571
1518
4042
8912
1072
9446
4035
9622
7261
9061
2132
8158
2171
8516
1835
388
1019
3941
7769
9123
2760
2049
6232
3802
1700
1382
2369
5218
1928
7737
7756
3631
8534
9970
2424
3413
5409
8728
2958
9452
2944
9418
8545
8807
2654
5360
9225
2658
3318
4561
1137
6523
9293
5446
7933
8243
7488
4079
7632
2772
5168
804
221
7300
5691
8847
2972
1099
7757
2968
1103
5938
9543
9921
2885
8252
94
9604
1295
7033
4887
9545
3634
2009
5154
8412
9964
4574
1732
95
3482
2469
4730
44
2601
2535
6986
509
9564
7450
8172
1887
1966
5709
890
5124
5848
5365
8836
1944
7989
6785
7942
2135
8195
6036
4398
5277
7533
5364
7689
9550
4983
79
7037
1607
9098
2158
444
4612
3121
668
9175
4420
2467
4504
2433
713
4098
4504
4614
6757
530
1521
5244
1170
5422
85
2473
9584
968
2285
4693
8164
3167
2391
2673
8094
1798
865
6328
1948
531
8279
7445
5950
6341
8233
4629
9674
8570
2128
1166
3169
799
6562
8401
1089
1257
2196
7292
8556
5716
2720
9858
1721
6106
1688
223
9626
2374
761
2055
606
186
531
6590
1079
750
7448
6782
6126
6169
4643
5316
1221
1332
795
6795
6398
6541
3128
8158
4171
2346
390
9144
1606
5072
6807
1358
4465
3154
4126
1743
1504
9213
4233
7147
854
6900
7342
3202
1485
8071
5018
7422
170
1481
1589
356
2736
1922
202
6839
4852
3778
4726
3518
7569
2840
2079
2982
5629
8818
2343
1130
6699
3478
9984
6579
3843
2192
515
7051
9999
1420
4476
934
6791
8486
2648
7859
7503
1248
1761
2031
5471
820
4265
28
1123
3691
8390
8928
2580
3630
9741
9264
8
3115
8338
4814
6757
841
6974
2032
1516
4863
802
1764
6003
1939
619
3089
2003
5407
4406
6591
116
3864
4950
1802
7685
641
2116
9955
1232
8045
9751
199
1917
1461
1940
404
5526
2185
8599
9626
1484
3018
7267
8286
7480
2087
1254
8677
4836
8486
8529
302
2091
3958
7366
1441
9965
2674
6194
983
2248
6568
3214
6841
4676
6123
8928
7134
3597
3447
7448
7391
8183
7539
5400
4734
1805
3227
6018
9495
202
6078
9
5413
1148
1733
2273
8695
9045
8582
1816
6629
4436
1591
1145
9870
1667
679
8462
179
2562
6970
214
6202
7189
515
8824
6107
7082
3079
9943
4799
5133
5279
1286
5563
1791
1246
2302
5559
3300
4820
1197
8435
6892
626
9201
3276
6340
5743
726
4412
5998
4683
5468
7472
5214
3842
8348
494
5095
4483
3772
8854
9493
9153
3057
4088
9436
7833
7493
102
2241
4885
2042
4876
6856
1841
4910
7133
2206
9596
2463
1632
6695
9170
4720
3163
9035
9847
6876
3982
6844
2630
122
6467
8747
5035
9810
1252
8715
254
5296
3710
2678
1009
6918
4117
6320
4683
5975
3752
6681
3095
369
567
9430
2598
1354
8546
8258
5132
31
6819
2545
2298
6248
1294
1189
6231
1520
7016
9013
2388
5028
5542
4250
1392
2810
5720
6492
4794
4740
2598
8941
7525
469
4105
9891
2257
3395
2205
8092
7799
2765
3413
6094
8917
9583
2000
5181
7547
7492
9963
3392
469
6188
839
7733
5738
1566
1708
9492
7396
8191
9838
9298
5681
2579
367
5751
8857
9043
6037
3810
1921
2752
7869
8907
3040
2199
8864
7449
2528
6982
6677
1365
5847
2909
2616
8431
790
4985
1034
2192
5602
717
3256
8128
7393
3698
8864
6664
4391
8369
9713
9050
3074
1454
1218
544
7571
8039
1638
4787
6222
1340
5135
4429
4995
6738
5505
16
8190
1427
4040
680
2107
1353
1180
1407
159
5691
6036
3200
7043
8854
6217
4750
2802
6895
1421
853
533
1224
1691
9585
9645
4641
3008
3294
3969
8321
6378
6224
4920
3045
6304
7493
265
9305
2483
5175
1281
5909
5252
3445
1813
5385
7382
213
2456
9820
3364
2291
7840
513
934
4301
852
7515
9360
2354
5016
1251
5420
1928
5629
7479
2026
1613
5778
117
2116
1072
1264
2729
2343
3633
1588
7491
7279
7574
8286
1996
1633
3136
2218
2074
1823
9758
5564
6083
8488
752
1666
6527
1662
3758
9237
6160
3404
1241
3935
582
40
3570
2115
5550
1765
7515
4378
2107
1596
9035
9114
7288
2204
7046
7052
6717
127
6843
2077
256
8847
1311
3637
4253
1913
2251
8935
6009
1264
3794
6216
5524
2293
5510
116
2029
3207
2523
541
5274
8261
5163
6965
3976
6283
2427
846
9888
2157
2046
1887
3739
285
3305
7466
1943
3523
8007
8348
6042
3358
8670
5381
1014
3766
1490
4745
6382
515
5304
1094
8744
4051
3822
5367
7971
6472
6905
1688
1675
7537
1918
5226
8491
651
3525
7577
50
9926
8923
5373
2458
9900
8951
382
6693
8816
2784
6987
1080
1700
1724
1101
6140
9053
4012
6583
2370
2299
9014
1089
5111
9203
5843
3830
1961
6415
9675
746
8137
2330
4029
2176
6321
5268
4164
4218
680
3421
7958
9330
9619
4463
4094
1817
5727
1132
2029
4383
6828
2986
4812
146
2332
636
4341
938
3692
3748
8675
7172
402
5253
5191
4125
8648
766
1357
6082
4664
1331
2878
2998
985
6206
6710
1316
408
1463
2537
1269
4794
4687
1266
9539
5649
8627
5228
2991
3181
5743
9429
8337
1221
2065
4336
5326
7015
160
8489
1982
6044
9613
78
719
9023
1256
7548
8324
6032
7302
4728
8482
7971
481
2864
604
9246
513
9153
6237
2020
7962
1753
9143
2379
1142
8991
6921
7253
3076
9970
3046
4093
1408
6624
8420
2000
2566
9337
8386
4782
913
1698
5998
6320
377
2238
2565
4717
6941
2362
7356
1752
1820
2983
6847
7532
1402
9518
3256
6219
7137
7727
1058
9955
2102
2411
1838
274
1086
8483
470
1787
3409
1072
8064
3593
1310
9540
1462
3828
1871
3936
7300
482
6733
6904
3825
7743
615
9108
2945
7328
1360
4600
1849
485
1463
5703
4373
2461
1930
611
360
9582
3677
4376
4898
7333
9912
5834
1222
7451
7039
5787
5756
105
6278
8210
7572
8717
4324
3785
7805
6717
4455
2645
4677
6107
1497
4827
2001
2666
4370
7793
4495
7040
6685
7667
5450
7805
1439
4168
6430
6635
5798
5428
1149
5238
5422
9118
7938
3565
1386
5173
6691
7082
2065
5902
3916
5726
3062
945
8362
7089
4604
6854
1668
5977
5178
2602
2945
7368
1916
6806
2950
9835
971
433
6175
7056
4366
5525
2657
2808
6736
7728
1661
6606
6755
4860
3527
7350
4789
6352
6903
4649
1298
5528
5791
8384
747
6435
6575
8335
454
2460
5606
4612
9766
6748
3962
528
7468
2541
1818
8838
7550
1506
1809
2801
8023
9221
2589
3627
1391
2337
1505
2523
4508
6305
5896
9822
7224
9256
4268
9577
6934
9059
6038
4238
1632
379
214
3342
3250
7264
3397
4222
2620
1091
9432
5900
9524
2370
840
7380
5354
9626
5856
9982
6752
5351
599
4330
7290
8448
5455
991
7090
6513
1005
8320
2096
7400
5530
2513
2696
7700
4953
3400
1283
7739
8330
2695
146
5212
2062
3305
5248
708
6844
6251
1944
820
1940
5053
9704
5298
3842
3497
9124
5647
2388
6643
2766
2250
3087
7777
8180
9379
1936
989
7882
4466
1039
8233
7402
9561
9000
9043
185
3671
7325
4345
6460
79
1542
9774
2698
8392
3563
6270
8164
2038
9955
6398
3026
4969
6494
5431
4544
5972
4912
6245
1145
2657
7134
5819
1267
6451
5678
5802
2588
4971
9962
3841
834
1408
3382
9222
1657
1913
3027
2278
9032
4940
3058
2186
2805
125
6397
2795
3555
8671
6802
295
2041
2062
3857
5316
5877
8896
9544
6037
2657
1129
621
9803
2532
7838
4860
3229
4204
7341
4914
5515
5178
8363
1705
4943
878
8957
9412
5445
1142
5116
8414
4444
4849
4194
8254
7613
5065
3594
4862
3004
6672
4263
3900
8318
8713
1619
7424
9034
1275
60
2335
8226
8050
9994
2720
4084
8262
1699
893
2747
7392
6626
2908
7404
2698
7238
574
6318
9590
4759
2087
1209
4226
3791
8672
9266
698
1446
3178
4054
9886
9982
8212
3686
7718
3968
3582
5361
356
9719
4926
2328
393
6507
8563
9758
3722
1137
5337
4366
1604
1985
2956
5954
8222
7495
9777
785
2270
5231
9345
7576
4830
2619
3127
8956
3952
9175
9660
7471
4800
9983
2640
2834
4089
7279
8780
9498
2139
4202
3030
5718
1260
5151
5397
8255
3804
8761
3558
2032
8605
4566
2734
3529
6978
4619
241
2127
8983
950
370
8214
5314
6756
2827
3937
7657
676
9312
2025
9940
347
8415
7053
100
2281
6922
3769
3268
1036
5097
3194
1807
8563
3577
6016
4979
1622
378
6773
6436
5541
5784
8333
6163
2670
9623
1871
1664
2115
3797
4611
734
6315
6682
4380
1063
1687
4627
24
8383
600
8208
1013
6445
7247
1690
1014
6327
8709
4169
5798
4094
2252
6629
7677
458
421
9292
2817
6375
8996
995
4703
7600
8913
5600
1962
2314
7057
1799
7491
6997
6564
980
2185
8478
2624
6473
4675
6296
9950
8216
4828
7741
2995
4915
9037
784
8306
3441
5058
8980
7935
2020
7158
5234
551
3369
2320
1719
2367
8544
2978
5804
6410
7469
5503
9098
3151
749
7790
7934
554
5085
6044
9017
9970
1608
4310
4107
7451
1343
2359
6369
9229
3102
3167
8877
6468
9693
4533
229
9737
7316
9006
974
7681
7698
2479
5354
6501
6928
3023
5903
8562
1617
2656
4795
6289
1725
5568
5173
1818
2078
6747
9590
692
5594
2403
4311
7504
5779
402
5100
8807
3996
7199
5826
7985
1501
1184
2293
2328
2536
3215
2645
7612
3388
3360
3338
9816
8170
2290
9270
965
2390
6804
6617
5518
5968
3641
7867
4563
1572
3823
3909
130
4047
9357
385
6066
9140
7947
3587
8434
5758
8614
8376
5874
4710
644
5375
2096
8966
3060
2228
1750
4367
9370
5124
9953
3048
298
9182
1381
8521
8643
9463
9008
5287
9151
9057
732
2384
119
8141
5673
1593
8571
4926
8187
1398
3555
5792
3887
27
9408
8729
4931
4992
2310
6943
5623
3546
5966
3978
2831
1272
8039
4267
4426
6186
7661
4028
8088
7273
3309
6250
279
163
5383
6369
8382
2470
3861
6407
7934
6847
4731
1228
5798
8291
4512
3600
1671
6525
6108
8518
8311
4281
7906
9447
4585
4801
6144
5258
8140
5815
2452
5138
3235
2242
5986
5625
6965
9516
7123
5964
7894
2811
2608
5494
8006
7022
5887
785
3688
8939
6365
4074
2822
2438
3469
1365
9667
4308
7728
4322
5425
1521
2437
4494
7508
8191
6419
8924
8967
1793
9925
133
4941
3655
8485
5070
2507
5450
7372
6649
948
7322
7016
3535
9733
4901
5439
541
3538
5771
180
7804
5616
3872
7480
5397
4212
6258
1202
4740
5020
60
2642
9820
3933
235
2450
5116
1389
3806
926
737
4706
6099
214
332
9706
2335
5553
4421
2044
5374
8676
2832
1679
3853
52
8623
1978
4275
5656
8696
4124
2119
1139
9017
6173
1294
4768
3033
4036
1060
6766
5056
5434
7581
8286
2905
1774
8604
2107
7383
7483
6116
8570
8151
2184
6717
3650
4645
350
3498
6349
3121
9807
8968
5071
6946
7716
7929
343
7835
8200
3218
4435
3006
2820
898
8201
1311
2266
1844
8884
730
1366
7190
1548
7512
8529
923
25
5325
9160
1998
3416
4725
6733
345
7887
2529
2764
3588
1486
780
1697
9489
3430
452
232
3064
4335
3381
5877
1695
7925
5463
4421
1836
5010
5211
7716
9198
4722
2225
3616
2969
2706
5231
6862
3024
8522
8845
8572
9607
9613
1972
5175
585
9807
4648
5790
1752
5703
7491
134
3764
597
6741
3824
6718
8229
1625
9576
237
7076
9369
3678
257
6402
2436
3290
4213
2473
3135
5004
9674
1854
2058
7650
5954
3413
852
1294
4218
5961
5330
5399
5164
6525
9420
8735
8084
5116
440
6772
4241
1912
2172
5755
62
9633
4686
6410
8162
724
2334
2212
5365
1670
2230
5435
3780
6817
7408
7760
7302
8943
4665
4863
8976
8052
2517
9226
7301
9761
5891
2034
2914
5077
210
1005
5402
2167
3636
9444
5086
5282
3074
4028
607
8240
2528
3208
9286
1914
7891
5421
4036
7582
1040
7318
5317
2387
4742
2889
859
2585
9983
6457
3928
6212
8291
5965
5484
8411
8718
3985
3936
7484
6147
3500
4449
9842
2465
8482
8129
8857
5573
6491
1499
7761
543
1620
7510
3921
1737
996
364
5262
6342
3969
6459
8749
2616
228
9099
7413
8213
1690
7937
8617
9274
124
1059
9396
8704
6066
7469
3285
5118
1332
7428
7230
8111
4993
378
6375
3302
1267
2545
264
831
8562
1186
8839
1848
1528
7392
8399
5408
7045
6281
9298
9870
5381
9725
2767
149
1902
1506
167
8119
3358
1911
1149
3687
9189
248
4493
1700
6174
6481
5775
8163
2596
4759
1963
6043
2355
9395
2462
5207
140
6896
5630
2279
4429
2087
7691
9017
9232
4872
2727
1399
1363
2924
9319
6064
9864
2185
1274
6123
1870
1910
1849
3592
5727
8096
6320
4954
8875
9260
877
4755
3894
1981
4742
2238
9949
7672
6543
835
2431
6470
9676
7638
6121
795
8948
1809
9970
7221
743
4387
6489
2614
3185
2921
5979
5318
9439
5260
6474
3490
4017
43
4058
9705
321
714
9998
5593
1876
7211
3170
3942
6286
4748
3162
8203
1883
802
8059
3428
7947
2309
9080
1338
7421
5259
4209
7584
4335
3337
2519
6479
5205
7607
1986
6973
4312
68
150
5619
2577
7530
5955
3662
1623
4802
1693
2949
149
3467
2748
2077
8959
4328
6212
2106
8534
3032
4103
2024
5049
9722
825
2201
9631
4527
9093
4959
4147
7890
5199
2635
8783
1718
3657
6279
4700
9568
4601
6258
2105
6309
3787
8714
874
116
5363
9598
3443
9207
9414
1732
2181
9110
1658
2521
2663
1196
2395
807
3817
4862
3615
5580
1430
3018
6444
8409
6632
4972
2296
631
1824
3607
2690
2081
1813
738
1535
6382
3708
64
5031
9613
6282
1429
7265
7191
6007
8549
8972
3167
8339
5199
3088
2349
9933
3515
5620
2635
6785
3872
8865
1999
5249
5721
7639
731
3688
4185
7871
1841
2763
2428
368
6235
1
767
3574
5546
2612
3603
4272
9421
3752
6206
521
7653
44
307
9785
8582
15
1587
7612
1409
2965
3556
8580
880
6666
913
2267
6016
6982
9202
3211
1974
1473
2605
8497
2044
3464
3917
6575
5691
1585
418
4801
1325
4924
3801
371
9075
4971
2062
5521
6724
5731
1327
6591
1319
6403
2
1834
1299
1845
8298
6943
405
2627
7654
1930
9027
3563
7595
4225
2367
2694
67
5730
8317
677
7717
7178
3976
6861
4471
9864
9233
6181
1026
2818
8506
653
8533
4598
7970
241
9245
5011
9378
878
8019
1913
1192
8709
3285
1166
273
654
3242
627
1469
5278
6320
71
6349
6380
9385
522
2576
4352
726
4004
5935
9885
2209
6102
5893
8001
3809
929
9939
2971
8266
4007
5587
412
8484
6943
43
8369
6030
4956
436
5808
9953
4512
764
2480
9833
3197
9977
7694
1810
6956
3071
8366
6431
8338
2819
4527
2609
9344
177
5601
4357
218
9915
9291
5695
5626
5507
1464
5911
1701
8300
7826
6737
6030
3291
675
3009
6202
8083
5527
6206
4084
6418
1382
6294
4210
1622
7696
9570
4968
4148
7561
4716
9003
4234
8904
6270
7960
4771
9355
61
4758
7723
3229
870
8522
8740
4731
264
5370
7592
7347
3618
627
143
5245
8286
4142
7524
4494
3630
2577
4643
3131
9158
5267
8182
1916
6570
6450
1905
8017
5353
5544
9258
1321
4330
3178
7885
2208
8182
5747
5390
4520
5367
193
8224
4524
4127
5007
870
6545
2572
5315
8728
4846
2731
1432
4824
1166
1802
4734
2486
6147
50
6385
5809
4349
2405
9560
8542
3387
1972
3294
5182
1361
7780
8150
7835
7579
6930
7355
9891
2881
1957
6390
6665
1803
9107
8068
4040
6903
4950
6518
825
9000
9344
1594
5399
897
9229
58
1729
3411
6537
8724
5792
1284
498
3770
425
3793
6734
6491
2405
5476
6192
4610
2991
1353
4423
7725
6366
8478
2311
1105
2740
7321
3660
9163
8406
2495
1180
7130
9965
4609
2013
9196
3931
5113
9239
9158
6178
3575
3275
1400
6882
9877
1925
4383
978
1873
1741
4941
4689
8188
3492
5094
13
8414
2045
1837
5860
2540
714
1599
7273
5869
1625
1085
1433
1082
4734
3712
1246
5588
3218
280
8612
7338
7420
4646
2634
2762
8288
7930
1483
200
8645
6223
8701
606
8780
8806
1146
9075
9133
1585
9182
2638
6596
9985
2480
2060
6556
2433
8821
2289
154
3317
6304
8220
8718
1005
1470
4445
981
4126
5410
8859
1235
2291
828
4945
3999
5712
4464
3082
7215
3575
1652
7549
2310
7935
841
5562
2059
1458
2526
4389
1835
4373
8257
5826
9634
8061
9736
8370
3670
2944
9183
7613
8037
1162
9922
4577
5840
7409
4974
7417
7351
9659
451
865
8311
3423
9244
2041
7442
5913
3026
6393
1246
2066
7886
5332
5600
4319
8414
7008
9898
248
3402
85
6371
4604
8247
5363
6598
7971
5883
6809
9710
6452
82
7267
6608
6921
1697
1060
1145
7600
6953
3829
7226
3154
3726
6556
9825
1113
7225
1088
1834
5582
9322
75
1333
6145
2338
6962
2730
685
5520
8930
538
4474
5483
6299
3368
885
95
6817
457
5613
2443
480
6615
1919
2202
6720
3292
7077
161
7897
6877
6010
2249
7721
2404
7681
9164
51
387
2519
5638
3323
6630
8773
1396
224
1688
5915
4224
3688
3209
1882
9136
1154
4878
9088
3787
456
8601
6441
7181
2980
9355
9508
8141
6100
8535
6708
2733
9105
9881
7960
2034
6940
5319
2766
5766
7866
1591
131
8986
3458
545
3933
7103
4452
2710
1837
678
9805
593
1807
6982
136
7756
3268
847
167
4759
786
5789
4082
6757
9642
8399
8607
7255
9931
808
770
29
5333
1638
7015
4153
2128
8993
9998
9431
9326
822
3142
2955
5838
2533
4190
7497
2002
1031
7816
4954
308
7044
8734
2413
4948
9076
89
3629
4885
244
7040
6418
2537
9020
958
9034
2426
654
2904
6825
1627
3889
7325
2687
1262
2768
9294
3689
3031
13
6047
5242
1264
2249
7839
6252
478
7992
7797
1713
4005
5456
8571
1567
7512
4163
5456
3500
851
3902
4840
3605
9100
3601
8311
9029
9175
5359
9551
5605
6729
4232
6501
591
2479
7590
4426
6295
6513
1428
4473
6556
337
3174
9980
3211
1400
6917
9156
3637
3491
7593
8505
8178
7481
1564
6702
5606
3505
2252
5625
2211
4385
9713
3762
6511
1146
6289
8089
264
5315
3552
4109
9285
5922
556
5211
8782
5634
2248
7043
1615
338
3782
2081
7577
26
4507
3274
1049
8244
8590
9205
2173
6504
369
1517
9060
6215
4771
3908
1110
8365
3652
1498
8804
9473
3499
6462
2641
5327
245
4277
145
8680
1567
313
1297
3672
4277
6211
7303
2984
9324
235
2779
2804
2461
6399
7606
544
9267
755
2105
8055
6136
2680
2866
1461
2170
1424
6075
4805
8884
3425
8019
5869
6010
6200
1298
105
2308
31
9623
149
7071
2450
6547
2223
5680
1375
4827
4284
907
8525
2826
7066
7763
1726
4230
9029
5475
4343
68
4846
8492
1695
9038
7625
5376
3766
8164
9158
3454
7737
6577
531
1487
611
159
144
993
7894
3949
5954
6161
5370
3168
6220
414
6725
4504
1083
1052
3260
4229
8209
1751
8168
3081
2500
504
829
2176
952
9389
5895
4509
2218
963
7734
9990
3934
2791
971
8740
6908
1934
3235
3795
1094
3858
2100
305
2126
8046
8934
6165
1334
9227
2100
6109
1879
9900
690
3309
3749
2438
9554
8612
3363
2629
7858
3809
4643
587
1335
1814
5793
3866
5088
3996
3713
7444
4148
4328
7798
1569
5918
4876
2644
6609
154
9088
2744
1874
3216
5699
567
1748
97
9085
8788
2347
1583
1847
8070
709
6050
797
9625
1869
2152
2754
5316
8415
4876
2581
5499
5469
5323
6291
2549
1937
867
9068
6609
2404
6525
3179
868
2654
6316
2208
2310
254
9462
8496
8159
5677
7891
6624
1020
7359
6676
3213
822
6362
8165
1616
9301
3401
3750
3264
9600
1139
2950
3641
1656
2808
6993
6507
3334
7307
7181
7574
1650
6918
6911
7845
9142
2059
8739
6312
2658
2183
7467
6518
9905
1532
2535
1298
2268
6687
8822
1118
2637
9726
6988
6477
7831
9302
7557
606
324
212
6298
2550
4591
5483
6529
8140
6163
7078
649
7419
51
5230
6054
6900
8684
990
3913
9266
4136
917
9188
9330
5876
1099
8205
9026
6212
5144
9409
89
1718
9298
9147
3352
6212
6757
3013
96
6350
311
318
8051
1543
6892
524
3823
9727
2456
100
4777
9169
5956
7288
8774
6589
1011
4768
6048
713
5092
1996
6502
1076
9306
1385
1205
5499
5819
6546
5814
511
1990
6313
9624
3846
761
2758
912
4818
6002
4607
9325
7231
2100
3817
2785
192
8636
6718
5613
2541
7108
1327
8316
2870
2871
6075
3412
8731
2022
8337
9864
6974
3627
7379
6865
3737
1933
1820
4253
7725
4051
7283
488
3786
9452
3264
7163
1318
4430
8734
6339
4040
6190
8897
3700
4628
511
2619
589
7788
7918
618
5437
9444
5694
2435
2278
822
2543
7173
1329
5896
6917
5383
9154
9899
8550
5604
3565
6581
5043
137
2921
4849
7771
9995
2213
2022
6796
1662
1128
1845
7563
9412
3725
1911
5478
3970
4447
311
9625
2698
9313
8763
30
6340
9522
1160
4200
4606
1646
1814
3937
3190
5064
210
7090
933
5879
2708
5252
1886
2270
6752
6517
8999
4545
2048
8157
2952
8037
7474
5553
8834
9543
9438
1175
2226
3568
1531
2715
597
9687
6530
2465
9262
1319
962
2589
1814
882
3558
3456
5987
3494
7348
6307
1916
176
6744
8489
9452
9951
5953
3136
2582
3050
5785
3256
9752
6580
6106
6375
3858
5662
2223
9868
9896
782
777
6978
2694
3103
5124
9639
229
8665
9609
2734
7259
9826
9333
4659
951
5941
6682
6685
3661
562
9348
7064
7502
2694
8975
1731
6765
13
9607
2199
8509
325
3392
3402
8495
2581
9943
1619
8282
1118
2344
335
2379
4096
2369
1666
2336
2304
8967
9250
8352
6968
888
2977
9774
5519
8129
5769
4413
1803
3072
8941
8693
8437
8141
7581
6854
1820
2533
5098
3997
1341
7191
6843
5653
6049
7619
2400
3136
1415
2174
8149
1190
4083
379
9257
9965
3047
1623
5279
5690
2561
8996
6388
5911
5845
9961
5667
6438
1949
8327
902
8628
3758
1391
2573
9249
8445
6066
7635
7519
7890
4041
6671
4968
651
9783
6521
6118
1044
347
3022
509
3510
2970
1494
3036
9358
1084
8083
2468
9327
7510
2204
9767
2714
6712
2732
8054
2669
5144
2197
7060
729
2367
6840
1806
5113
1970
3273
9215
3056
788
494
9806
7266
7034
793
3115
9094
7647
1223
2891
4474
3944
2839
720
2024
1595
2335
6284
8104
4268
9867
743
3941
5016
2184
3775
68
4566
3137
9344
1474
9498
695
8309
3374
2444
1478
1069
8487
4776
2981
2209
2071
3479
686
6660
7120
9006
5135
9180
9990
6534
8480
9425
2077
8220
7735
5044
7812
1641
9320
4002
6467
8629
2592
3464
3841
6904
3092
3689
8745
7041
2758
8718
2029
8410
9816
7406
5675
7515
8084
4702
6031
4254
6523
1370
8538
3811
1724
2500
7570
949
5687
8092
4282
5933
2195
2050
7603
102
7533
3480
7154
8000
8690
3435
2884
249
8350
2947
4208
8520
7942
137
6396
4492
2067
7785
1731
8149
2192
6824
2725
529
2919
3928
1711
6458
3174
1865
2220
942
1815
2050
8780
5119
4880
1168
5637
9723
7833
5150
2551
6255
9132
8262
9876
5224
1074
3447
1680
1498
4843
9720
6357
1029
7885
8459
3322
6388
1778
661
3253
2008
8075
5646
7534
3157
9706
3284
2679
4010
9390
3285
8313
3319
8656
8412
4960
3642
1854
1611
7881
8651
5189
1147
1243
6153
1508
512
2532
1971
7455
1056
7653
5100
6337
692
5105
2473
278
6640
4402
2269
2040
1264
2413
2375
1176
2644
2598
1690
6143
9102
1447
2766
4710
393
1549
517
2595
1852
532
6752
8388
8383
9301
4002
8977
1022
3724
9029
2445
9115
4286
4572
7149
5944
9083
6153
8397
5110
2369
9457
6959
5688
4033
9836
3621
9467
3910
5185
609
3354
4594
8177
7035
1773
1771
8946
723
9569
4471
8848
791
9614
6580
1279
1207
7749
5867
2980
759
9913
6310
7317
741
1312
7839
8686
3643
1401
9115
5973
9063
8832
2535
992
1818
1375
5569
6613
1422
2216
667
786
4172
8065
1387
8126
5820
2814
854
2320
205
485
3391
3791
3512
2254
5610
970
2464
3018
4886
5145
4893
1206
7178
2771
9898
2832
8127
8433
4347
6713
7247
2067
4643
955
6812
8370
4949
1916
2675
2629
9113
2980
9507
4920
4721
4971
8937
3946
4812
2167
8638
1413
7387
805
8499
2228
9939
1110
8267
3984
4050
8220
6923
7211
8533
7492
6813
8945
3209
4934
6043
6267
9665
107
4714
4886
7864
6095
4420
7700
5847
7719
1947
9938
8185
901
3179
7065
4877
9433
2815
360
8507
3770
5719
9106
8139
677
584
1540
4802
7461
6213
8426
14
8373
1533
5395
9861
1362
4740
9618
5001
9571
8854
630
4046
3869
2281
4428
8079
9282
7219
1107
5278
6107
204
704
2794
7302
1477
8756
1814
4193
6217
4363
9816
9767
6643
1829
1679
3914
3120
987
5977
5875
2022
7082
9619
6726
1877
3220
9954
3161
9389
6216
5346
4310
257
558
2269
9646
9771
2407
3151
1
7935
2164
4695
4540
3652
1558
3248
9842
6096
390
2912
5806
6579
2103
9137
9431
1352
3480
6878
7365
8631
4894
976
4867
9070
50
603
9318
5442
1831
3906
8861
3792
8286
1778
2266
3096
2861
8542
8800
749
9245
9750
5100
7350
483
253
8281
3401
2546
6731
9215
9480
2799
3393
7212
7612
6165
3339
7878
2626
1738
5994
463
6755
9250
9699
8009
5208
1538
6658
6156
238
4567
8099
4983
550
696
1906
5283
4032
6121
6129
1518
2329
338
7866
7111
8466
3184
1990
6213
7923
4362
1982
3596
336
1638
3056
626
1611
9837
7348
1919
2731
6204
9374
468
7627
429
1991
1550
9797
7205
424
6411
8337
8831
7558
3276
3688
3753
9572
6235
3790
8381
8485
4463
4128
404
722
4461
1930
918
9947
7969
5244
9604
961
2062
5886
6585
5219
8370
7793
2702
9239
1517
7288
1582
3516
9060
9719
6122
605
2577
3451
8925
1080
6669
8266
6098
7536
3185
1644
8229
1681
6361
5338
7511
1746
2363
7862
8054
1423
8902
1195
8508
5399
2717
3126
8343
6371
9686
5238
3065
2809
1967
1520
337
9392
5697
6198
6570
7076
3191
5929
3362
2124
1024
1116
3805
6586
1155
3019
4635
2787
6483
3724
9960
6000
5219
7796
3618
7412
555
7773
1264
943
1084
4007
8945
930
9969
1917
8035
9956
198
5193
9893
5973
6061
6763
9663
1841
7551
4981
3648
4919
9088
9643
1384
6874
9718
1865
2823
4743
1707
2629
1926
5736
5937
2151
1989
8329
4245
9958
4004
7226
9879
8469
3382
5812
7449
1469
4627
5375
1687
4301
557
7474
6566
9296
1013
2588
5167
5598
3359
7124
7821
1189
163
9420
789
4121
1461
9340
1766
937
6359
4204
2
1716
3069
1040
1340
508
5538
1019
1954
3994
8346
3534
1708
8035
1607
3680
9845
6186
1840
8434
3754
8149
78
195
8161
9476
8569
4066
9340
3247
2579
7714
1054
6127
179
4483
5757
5232
373
9646
536
1237
3679
8529
6411
61
2599
492
4753
7749
8563
2139
6233
446
2449
3301
7132
240
5433
500
6718
6894
7440
550
83
1516
9614
1315
8901
4767
1634
9792
7875
4597
5204
4708
5515
2885
9643
6569
4682
4103
5809
2357
6627
9398
8115
4409
2271
2597
1693
1754
8293
1361
4086
7006
2395
7397
8264
6297
843
1555
5731
9801
2664
7874
2481
3279
2963
9027
5069
1423
8217
3225
7840
25
6480
1335
2445
6233
1938
2428
670
524
3096
4973
5725
116
4315
2978
2231
4845
6295
8580
830
6753
2930
9028
2591
6729
2875
9856
1268
4374
2198
18
2602
2271
1975
8665
245
7451
2748
2540
2130
161
7568
9372
1165
1646
3198
4393
4069
4727
5683
4904
1773
928
9415
5716
6292
972
4013
4515
7927
2405
1720
9082
4485
3038
6704
1571
2548
8248
5110
7133
7826
834
5557
3973
2046
405
7417
1940
8312
8830
2997
4601
2391
9645
9423
6985
3561
1502
2542
5460
8640
2309
8439
1945
2635
8624
3364
9085
7058
4776
3223
5640
5959
8904
14
7040
73
96
6375
5611
410
2396
5173
3358
3187
3425
5747
1579
823
1704
3737
1227
4294
6847
2269
1528
9875
5979
7595
2479
1543
226
4008
1652
9479
2009
9603
1846
8084
2537
3262
2324
562
1319
3788
4640
9195
9828
7739
707
9252
82
1347
5361
5841
4744
1375
1519
8245
4408
9676
4642
1068
8223
944
5689
6716
6749
2094
4974
6216
1670
3990
3161
5416
1080
7826
9686
1046
9614
3006
6968
8170
7492
5463
253
8136
1771
3256
5924
9000
8335
4528
6237
9063
2200
8536
5200
9052
1006
9892
1856
206
6784
6569
8897
836
9511
910
8584
4972
5046
181
2658
7184
7141
811
6072
7797
6895
5358
6753
2614
4536
1711
1240
7330
3251
9544
4560
6017
8850
1120
5701
8620
2063
1724
5
1902
5099
8536
1967
37
2662
1687
1466
4045
2894
7831
6297
2576
3355
1689
173
8774
442
960
4172
9427
5048
7751
5073
9122
8403
7463
7492
2860
4267
1209
1116
7374
1454
6378
8241
8137
9428
2669
2311
4027
968
3301
488
287
360
50
2049
848
303
3883
2864
2820
1697
3502
4972
6327
1207
3556
4293
7157
588
3336
1022
764
8998
281
4664
1232
2121
4830
8273
545
9928
6938
5981
1579
8622
3729
2403
4189
9021
2265
1228
5036
8805
2628
4951
344
8390
1437
2017
4110
2489
1905
3747
2032
1580
2432
6268
9651
7949
6435
9360
4535
6233
4801
657
8236
357
9805
8190
3363
1085
6994
8185
3666
6251
9218
4333
4797
8970
2250
3279
3617
171
7274
4708
4818
2632
7957
4164
6552
1159
5700
2509
3381
8690
1423
8475
3802
3749
3614
3287
9387
1639
1901
1502
4672
7116
6687
7667
8062
1546
2852
615
1173
5338
2526
6248
282
706
6624
4472
7928
4737
168
1583
8147
1226
7679
6708
2958
1253
7054
4040
2493
8178
2691
1187
1309
8752
1172
899
9427
8141
3667
3266
642
5662
67
407
7729
2241
74
2160
9836
4865
2872
143
1881
2890
4615
402
446
8526
7507
8184
2130
552
2475
4400
737
7246
8136
6900
164
4828
3598
4854
7648
319
562
3386
3981
6030
2891
5509
6698
2000
3403
3140
6847
618
687
7919
9380
5496
6149
383
4192
6495
9006
7774
1876
7424
2996
1007
6297
1103
7886
1246
1719
9988
162
3848
9544
3218
1530
5038
5772
870
4074
7990
1758
930
688
3699
7398
3595
2413
7766
6561
3328
211
4020
2014
5612
6032
2714
4762
8814
4714
9919
5215
1318
4347
4617
1368
2834
4320
5651
1608
9403
6524
1805
7308
5466
658
9956
6046
223
9522
8852
795
1795
3123
1931
6807
1339
4707
8447
8944
9392
1371
595
7792
2461
4087
2678
1159
1801
5300
7261
2664
4262
7882
7554
7874
3753
204
2220
1394
1515
1725
4625
440
6687
7718
8074
6439
6709
5814
1558
9745
7694
5321
4609
7474
3073
1372
4710
1531
1086
4847
3091
9155
6385
1835
8972
9817
7672
1879
9330
5116
5113
8758
7462
2718
6222
3075
9561
9463
8722
4400
2325
8982
2625
1435
8305
2349
1546
4754
7089
2622
7848
6280
2445
5200
5442
2025
8419
3175
6992
7338
671
19
159
2452
4970
2375
966
8451
2352
29
4186
6538
726
7688
2047
9225
1340
6106
2240
8274
352
2711
6064
4792
6867
2217
9842
9721
7952
5510
8294
1182
8938
671
7302
1824
613
5066
3840
509
7416
6818
5876
2091
897
8877
2336
77
2217
8031
3786
6996
1962
366
366
2983
2286
4453
6729
613
6554
2524
4357
9882
7371
2776
7621
7985
8623
8431
2884
7786
1800
5183
8073
3644
9436
2015
6062
5548
4448
7478
785
7007
9079
9531
4970
860
9637
4524
4750
9717
137
1907
2004
7319
8059
4870
9238
4768
9089
1022
4026
8993
5864
2234
3793
8645
8801
5781
8143
1841
7626
6629
4877
8187
3023
1670
1980
304
401
7878
1291
3072
4310
6098
8714
2013
2560
5553
9007
5333
1794
4447
5545
1947
513
685
2020
8957
2216
5303
3085
5329
6350
3270
8134
1441
7579
1927
8619
602
7673
4491
5238
7743
6072
5680
4320
2659
9588
6257
5289
8327
8987
2922
8074
7408
7194
7150
8777
1309
1527
7692
8814
8727
9604
8015
6899
3161
5154
198
1696
1219
6789
1011
1448
6282
7655
8759
6542
7058
7327
9550
9644
654
7075
951
2902
775
3435
4471
3290
5148
8280
974
7306
457
8613
7082
6254
6299
3389
7291
8675
722
1933
8615
6281
568
9915
4350
5452
3185
2808
2528
672
8547
3858
3950
8131
9321
1773
4927
9053
6482
946
692
6731
8047
7912
3982
2781
4830
4083
5998
9372
624
2298
4077
7600
5201
6173
3453
705
6425
3607
656
173
958
5136
2087
5289
493
9126
2558
5531
4041
7694
8838
2072
9202
885
595
1801
8218
3196
1095
8723
1540
3155
7006
9239
1342
6676
9052
8151
4033
612
9460
4218
3398
8102
6443
2722
3612
9121
2540
3692
5879
8082
1084
664
3498
5925
4401
7370
9720
1920
5503
4015
4263
8624
2611
2068
8407
5833
7811
452
3442
8024
2837
384
9636
1339
2848
2196
941
2531
113
6008
8308
4137
2318
6036
3454
7503
176
2279
9152
7304
2428
426
6993
2298
8930
4624
9603
515
2842
2625
1188
5050
1980
9447
4464
4199
3583
6761
6617
2374
3349
918
8665
2040
2181
5764
695
635
8296
826
6281
1627
5991
5482
9801
2152
4069
8019
6395
1754
2010
342
9518
9746
9215
3687
3696
1891
7377
1191
3879
4977
5920
1136
9774
7673
3991
8080
7020
3649
4737
6041
204
4097
9529
4600
168
8402
7266
1029
1270
4742
4089
4394
7016
3481
4168
9656
4175
9318
7709
8774
4448
5517
1562
2572
6554
1075
7517
8031
6102
2650
1075
2461
1040
851
1129
5547
2981
7345
9523
5005
7741
7136
8144
2391
2443
5398
9294
9873
6531
3848
6202
8992
9148
1408
2379
5411
3878
1982
4512
6858
9021
5357
646
6126
4398
9416
7022
8445
5001
1356
8511
8965
344
751
5848
8131
4735
7953
5416
8364
6885
1474
2002
907
3442
4452
7771
1340
3177
7059
5942
2618
4264
1730
6226
3508
9677
2552
8194
4068
3163
7819
3661
8963
174
4331
1927
9463
1932
9683
656
2351
5148
3419
700
8705
203
5921
8274
5249
6908
9897
9225
5717
7727
578
2352
886
70
4411
7612
10
1812
199
5543
9792
5511
6317
2023
4891
2248
1362
7037
1635
5025
2299
1567
1688
2478
5934
8953
6296
8550
1016
8223
2755
7180
8484
1926
509
1489
1610
6388
7285
4396
8039
4788
9443
2269
2076
8222
5271
5774
921
5575
911
5707
3195
5861
4281
2420
7923
8774
5146
9840
5097
8786
1614
564
8113
685
594
1941
2157
3153
3725
4538
3123
4860
5718
3541
8368
4598
6578
2772
2989
1190
7453
179
2577
6821
6027
2356
3096
8467
8431
3538
2051
3208
3596
4930
9903
7198
9163
2154
986
221
588
3271
8851
7591
2383
1754
4418
7206
2677
8146
6584
1634
1731
2448
9384
8599
1592
9255
1510
2662
4287
6195
414
3003
2359
267
376
96
9136
3882
1035
1887
408
6266
6400
2109
6408
7586
1913
5782
4249
1442
5729
1955
186
315
3941
99
2454
7493
5460
521
6818
5387
8419
1666
6677
1210
9363
9146
8779
5434
8327
8896
7451
1068
257
5910
1799
2741
5629
6509
5395
9609
528
8337
6298
1532
9042
3905
9054
3317
1626
2339
4399
4180
3992
837
7678
4261
1705
1414
1250
3381
4118
8438
7259
8164
5455
3787
1301
7180
1110
7557
2574
4241
8862
1493
2283
1482
1638
7354
5880
5919
6160
5707
6912
4963
1992
2444
1612
6100
1089
2331
5054
2545
6593
6922
3265
9915
3104
1666
9161
4655
2525
6309
1825
1570
4690
6037
6325
2734
1145
8692
5308
829
6831
9355
4667
5619
4200
6559
2614
8048
1747
1856
3591
1542
5327
2740
9556
6089
9326
2772
61
2709
6505
6597
9843
772
2517
1114
8111
1647
5604
8152
2066
2052
9182
3770
7784
5050
3794
3542
7171
8833
1224
6623
7301
13
7897
733
4270
8325
1857
5930
8487
7142
3843
1469
2909
126
2925
1469
6067
1142
5518
7950
1537
7167
2070
3344
9585
3184
9181
9129
4124
9054
4839
2255
8128
5854
4965
2187
1733
1207
671
5562
4896
9244
2258
422
7959
2552
1508
212
2887
2394
8320
1215
5922
3923
430
2533
7661
974
2929
9344
5737
9488
6760
1048
3983
752
7965
7607
5858
8424
130
6158
8480
9628
9166
4934
4281
1147
9938
521
1699
4836
5600
3057
845
3019
1438
8625
5571
5932
4535
8356
5554
2782
3395
7058
1516
7420
6953
9482
141
3840
1298
5036
7167
4401
6143
2934
747
9183
429
5634
8209
8924
4184
574
8746
8717
6654
1740
5612
8289
7654
5083
6078
1761
5537
8246
1645
6825
1679
3979
1502
5958
2389
7886
5924
6225
4462
1567
9652
3499
4047
4393
3016
8905
6751
4541
9953
994
9879
7598
7120
2069
1175
4894
1094
1121
8985
7098
1259
3728
1593
9249
3676
691
3861
459
7384
484
2322
4423
110
6648
6864
4005
9295
51
1214
7717
9913
4465
992
1984
9863
2322
2608
2374
579
8501
84
7239
8749
1144
7535
9894
3825
5823
2249
8570
6756
1891
2083
4311
1887
5821
8262
1742
655
5891
2412
6544
6427
2850
3186
6280
648
7886
1931
1321
1323
7877
4024
9589
1245
5882
39
6961
5923
2081
4634
1941
6910
646
8570
6024
7103
83
8171
2171
512
3745
3809
9445
7952
2815
2963
4703
9485
3089
512
1985
8006
6171
1007
669
4609
3006
2107
6249
1835
6529
4175
9283
526
740
7998
8033
232
8673
5366
998
7178
9189
9638
4060
2525
2893
1837
9838
3420
8820
7717
3828
430
2172
7313
2597
6210
1371
5362
4472
8545
1944
1808
5980
718
4422
9047
8025
865
5472
6400
9526
4308
8821
2754
4477
541
4567
2936
8795
2702
4222
1540
5532
745
2083
2532
7559
2152
5321
3893
3093
8156
206
4550
4712
404
7731
4558
2906
2017
9000
8367
3587
5991
3036
173
1232
3047
2883
4394
7056
9083
9465
4132
2224
8993
2277
6802
3337
43
1298
1483
24
2358
3370
4423
991
2938
2196
4298
1563
7985
2416
1678
7382
5052
3248
4143
9613
3442
1369
429
5700
5818
2970
5646
8248
7564
8237
803
549
3459
155
7772
6857
9029
5365
5069
3161
8710
1440
4963
3796
6489
1825
2818
709
1353
6361
1073
5820
247
2658
3033
3102
4901
9723
2089
7164
3970
2849
1293
2642
247
383
3168
2705
4562
7526
5136
703
1312
6272
5713
6925
7601
2434
6053
665
726
3073
1530
805
1566
6790
5812
8776
7058
196
7469
1748
845
1945
2810
8663
1456
3188
9472
4822
7077
1366
9351
2087
5842
9596
4333
9182
6512
9628
8958
2714
4973
637
8547
1968
1695
1212
4616
6761
4522
1421
4419
3992
5940
4926
5969
7726
7942
8034
2643
753
3205
269
218
5226
4435
9803
3838
8015
768
7894
2421
7921
164
9032
6546
3158
3441
2477
1372
2233
8261
3148
8033
6800
2126
6904
9163
4542
993
8178
8337
3418
8540
9490
1857
2561
6890
6310
8637
2856
5799
4665
5107
1876
8341
4791
2417
7437
1342
2848
8553
432
7979
7228
4801
3364
1860
7630
6863
9423
6169
3436
1907
3258
5488
9997
629
9362
48
9556
2832
2353
2158
2013
7295
4076
8582
9941
9976
7086
3980
6462
4710
2198
4883
8227
6443
5020
8254
8729
6853
7209
4997
3575
5632
7159
8810
1864
8973
6503
2253
3774
7458
8834
9981
3881
8737
8546
400
3064
1661
834
5060
2095
8939
5667
6150
1737
3302
5088
6772
9232
4693
9412
510
460
416
1227
6690
2568
9873
7686
5049
1451
472
3843
7291
7157
3570
445
346
1000
682
2159
8942
5930
8112
111
5996
9912
954
1641
765
8348
9256
9304
12
8674
7932
5244
4128
7000
2394
4985
4251
3332
6764
3677
2
7834
937
9460
8174
8846
3335
8223
6802
6023
7950
2098
1837
7621
6367
8125
402
7157
2725
1294
6775
9362
8475
3748
4012
1918
3375
4999
1644
2257
8149
2774
6376
2080
3294
6417
674
1026
6682
9865
471
6143
1948
9332
9825
9067
6206
8277
2044
1378
3365
9852
7271
6387
6501
4954
7117
4258
5736
2696
3285
5481
8907
3096
4262
702
6410
4971
7839
1915
6413
5444
6902
3626
9682
4046
384
3935
1294
9514
3329
6907
1678
2283
547
5710
4467
6294
1036
5597
173
8643
3963
5124
9175
281
4932
1917
6596
8842
1165
7986
5143
4234
2631
1519
5737
6838
5441
5708
4919
5698
8089
1514
9786
1492
3317
8779
3452
9951
1249
4918
6231
706
4441
8795
9856
1955
6474
3045
6244
4582
3652
5662
7953
3026
4850
4743
6312
1141
125
6120
4530
2679
9742
3140
7585
445
2099
2529
1464
3487
6660
3079
8461
7884
9750
2358
4942
6652
7631
9885
2754
4343
7035
696
4082
6756
7567
2858
2616
452
1068
699
4502
2752
6822
1604
8281
480
6614
5993
1743
7517
4684
1109
4728
6473
8121
8236
9194
430
9500
9037
5143
8645
4556
7095
6930
2344
8213
5599
9167
2169
6406
5998
8907
197
219
1359
8396
2995
5318
8154
6154
801
1699
1914
1743
8369
7595
4342
5994
3024
5530
8350
7434
9768
2653
9892
2361
1462
1038
4574
6567
2686
3011
4057
441
205
1475
2576
2226
2224
938
93
6256
6851
3663
8574
8458
5533
6644
5148
8425
6154
7055
9240
9732
3896
4807
9607
400
6694
3712
1568
3191
2298
9258
6243
2569
2722
1718
1757
145
765
7708
73
3306
92
6121
8809
5441
1059
8012
613
3724
2452
531
3298
7147
4509
3234
8855
766
9840
724
4701
3496
1365
2260
6645
7378
6907
9966
46
3075
5748
290
3991
5487
2466
8041
2210
8269
8108
3179
7257
1597
9302
4768
5061
9177
3456
3349
205
108
1917
1682
3340
2481
310
5097
8678
3885
5600
4818
4300
8015
8204
389
2158
