2375
9598
5207
1313
8597
7136
2360
7089
8675
3304
3692
2633
7558
9879
7610
8320
3697
5923
9617
7654
2922
695
5121
5711
801
3625
5529
479
9742
3693
5677
6983
6010
3560
4058
527
1393
9736
7277
5909
2983
4738
6352
7061
7337
4059
7207
5049
341
1307
1611
6290
6444
1375
1188
5976
998
2254
3708
9182
3575
6143
865
9130
8129
8409
6155
8900
9402
7562
5616
540
2239
8636
9684
6801
2410
805
6533
4335
9168
1198
8166
1465
5213
6806
2585
4888
2580
1976
3315
1186
3682
2314
1099
7518
1859
4647
9875
5655
8679
5104
2106
8831
6630
8174
7440
2182
1681
6059
7020
8379
7307
3474
3835
3874
1944
4276
8410
9959
9508
9725
8966
9138
2007
1798
3025
2092
7256
1996
7016
9121
1360
5216
4674
4117
7729
6817
4028
3708
134
5831
8835
7637
8813
2465
9362
3318
9890
3905
957
1422
973
4422
2092
8631
1039
7019
332
9355
6841
2158
8962
3337
7358
820
9986
1831
4042
1707
8975
986
530
1728
8116
6356
6366
1713
2306
1469
8389
1414
6795
3301
327
4204
4782
1593
2113
6001
4372
1300
61
4983
2219
8680
2664
2131
1744
125
3768
901
4163
6569
7245
2653
2501
7040
646
8444
885
8478
7320
2585
8459
3411
7851
885
1477
5663
8806
6833
9073
942
4988
3374
1177
8469
8278
3269
4085
5406
4803
5512
9358
4880
4125
5880
8367
5987
958
4633
129
5298
7107
1571
9991
593
3520
5499
4503
4817
6308
3201
8794
2322
7695
5610
5349
5129
9585
8417
953
6179
3668
4794
1144
7752
6636
4280
6362
7746
6302
5936
8495
1360
7023
9820
4165
6407
1470
3828
5772
8744
7589
1626
2168
8808
5644
4725
1063
6796
1439
1825
6724
899
2114
7221
9531
4424
8017
789
334
7896
8140
9993
1255
5201
8579
9917
5263
1740
8302
9802
2318
700
8929
4229
3796
951
3230
198
8071
7941
7547
572
46
4582
8821
3248
4110
6009
7589
1175
8402
8571
9330
891
7105
2764
2135
8972
3531
5736
6471
4867
1827
5188
4382
3192
9779
8632
4538
3493
5709
3212
2154
2874
8302
3270
3862
2546
5128
3795
2447
6806
7424
4627
9655
4704
8788
7402
5828
2467
6257
8564
9201
6921
8805
281
9622
6301
496
9986
7818
9754
1200
4667
5590
4243
7613
1257
7003
2933
6882
3709
2999
9114
222
7481
8596
8415
5242
4339
9409
1481
1163
1416
8341
4771
1178
4227
5329
4171
6754
9710
3781
6109
1353
6231
3190
3024
8371
3863
479
8048
9860
3552
2965
667
6661
6805
2559
993
9449
1742
2102
7157
3007
9275
5434
7513
922
2681
2725
249
6400
2451
4532
6134
9168
9243
6370
3159
6936
201
5143
1371
1366
6835
2146
5794
9805
3294
2115
6156
5050
9651
1980
3473
9751
9846
1720
5155
3439
5939
1884
817
3251
4954
1869
9854
6157
5213
2627
4193
5636
407
4317
2206
9359
639
2581
2725
4221
1436
3061
8537
804
9980
426
4
6393
7392
7063
6921
6480
8938
653
522
5395
9450
4522
2043
24
4757
1696
2966
3838
104
1016
2465
8617
7755
7926
9757
5983
3977
7055
1984
593
7582
9368
9158
1134
2738
9328
1251
148
6790
193
8540
4120
6428
915
1158
3592
1436
7698
7455
6880
1476
4113
7116
7338
80
9614
2483
9897
4683
984
9562
5111
1956
1278
6175
6445
3892
7770
5801
2436
3710
4975
5183
4986
2936
863
2104
3735
7914
6991
162
8832
4965
6014
6503
539
2454
9620
3165
6740
1114
8664
6317
8480
1700
1941
1895
768
3725
8574
7443
3688
4091
7247
3595
2288
7045
6646
7303
6283
4262
2017
7497
8039
2032
2217
5722
6660
1588
6000
3061
4328
3551
5304
979
7170
1126
452
4454
6813
5061
4851
6730
9368
2500
8105
6984
6292
2316
4704
4557
8349
3497
5760
7626
3276
704
682
1854
956
6066
123
7329
3676
4369
8575
1490
5
883
9220
5892
493
53
2177
8964
59
9842
3654
1390
7068
6100
1173
1952
468
4970
7282
2623
5897
8955
9064
2889
3805
185
8364
8427
7306
1433
3077
7780
6467
99
8428
9
1992
9109
288
3130
4234
9965
8845
1221
2352
9542
6350
8490
5530
978
6193
4623
4916
6857
9179
1572
6237
4577
8715
7178
2008
863
7571
3455
2850
1469
4340
1741
2998
8124
313
197
7182
1356
9175
8181
4154
9274
227
5154
1541
5688
2644
3058
9158
4435
9771
4328
1637
49
1409
1701
5007
2570
512
4109
3340
7866
996
8857
1166
2323
5843
7579
4845
4375
5146
2343
8753
5718
9722
2143
8863
677
7332
1263
5111
3809
9281
9563
2973
7586
5525
1254
3335
259
7284
1781
7
9569
4053
9187
2890
2418
2934
9142
5519
2327
1648
9377
5628
3093
8685
571
5742
2161
7032
4336
1839
2586
308
9367
3869
7276
3455
2388
7224
5889
199
7727
4508
1499
8638
6164
8832
2912
3499
732
8158
388
5809
6717
8532
1101
5123
4605
2778
6531
1832
4044
1606
6631
7916
579
3068
6614
5367
4487
5642
9677
8498
2419
6386
8751
1495
6053
5625
6565
4680
4647
5760
8373
3604
1233
4417
3239
9509
1021
5693
9284
6828
3915
5411
5599
3025
3718
6131
504
1974
8071
1828
5631
8348
2777
307
2758
7145
717
1405
7162
552
2398
1983
3507
6016
8791
43
4026
6474
4115
5325
8859
8733
8613
5759
2939
92
1290
4811
1259
5603
8188
527
8782
78
4937
3285
663
3419
2083
275
5047
6576
4713
1137
3190
2880
6389
2601
1775
346
4631
7636
2801
6498
2867
3890
7586
3893
9478
4906
3063
823
8255
4147
5186
2015
7019
7457
1484
4229
7681
613
3283
682
1536
8814
1157
4569
3861
6325
4749
4077
2529
936
1597
692
1467
5316
2269
9970
9218
2872
7507
8281
4518
440
1924
5575
8055
2847
8874
5728
7870
2297
4263
7725
6491
4032
6856
9237
6638
5877
8845
1388
6986
4194
7608
9658
3110
5981
3508
2493
2358
7519
6360
1937
3290
7589
4332
174
1829
9063
3899
8451
3073
8408
330
6722
5186
926
8840
3883
4680
5730
4375
1854
8088
3193
7833
2284
8252
1636
3310
8093
8266
5541
494
6295
2019
2516
1537
3853
5806
833
2263
5174
7620
3530
8693
6384
2445
5983
5837
6052
1851
788
3746
284
6212
1607
9450
770
5718
8466
4708
7563
4454
5987
955
6404
2682
6411
6460
9883
4968
6308
9845
7521
4830
6519
3743
2351
6772
812
1214
8295
9310
5762
7622
108
2647
3762
1504
3397
9930
9696
61
8621
5954
257
6202
6159
8389
9203
1973
5696
9677
7689
1630
2125
1927
2198
1969
4423
4191
9373
2980
7548
1052
8566
4924
9992
5127
8035
3221
3452
8146
7283
8914
5917
1479
407
3793
4464
9550
9556
5810
117
579
5064
8314
1
8967
1360
2579
7633
1638
3514
6550
220
2202
3078
8364
2760
8910
3458
5697
3071
4916
6390
5674
6563
8955
5309
7001
3536
2172
2102
8430
2737
9236
3641
4160
8870
3302
4606
1340
2868
2498
202
1981
7101
9649
2987
1677
5394
7394
4183
4667
4935
5930
9216
7470
9062
2759
4490
2665
1670
5094
1280
1311
3468
6422
9284
9144
834
653
2966
2277
6248
7673
5990
6737
1225
4185
2413
4088
7344
1501
6713
1580
9498
9707
6696
2454
1614
2020
2600
8874
7706
5526
1963
9726
223
4899
9136
2348
3008
6802
8976
437
822
8980
855
5689
1704
3898
2516
1381
2217
294
5442
8684
3299
9295
2967
2569
6579
6776
3869
4515
8260
5203
527
7202
609
6642
9303
8561
1349
5902
9446
4661
1029
220
1587
2813
961
2477
7655
3131
550
5892
4344
9474
6183
4413
1973
783
8782
1821
3185
4189
8797
9765
4852
1060
8090
4538
9935
6146
6827
2170
7150
6508
3773
8871
2866
7798
4732
6440
6464
1634
2574
3025
8052
1014
5776
6543
5322
1089
4438
2857
5022
4367
2556
9380
1554
6875
4131
6229
1840
9172
9257
2652
3601
9635
5655
9935
4494
6668
3761
7908
6309
5747
9913
3940
782
6081
8549
8300
7197
2967
2227
3110
1739
1698
8858
9816
1521
1248
1586
8570
948
3586
695
9997
1815
418
1898
6555
8621
8390
409
6298
527
2582
2192
101
4637
6555
8751
2364
2216
2456
2221
9483
8047
1934
2030
2441
3304
7338
242
2097
2
9970
350
6918
6312
1792
190
9395
2521
6573
4811
4928
9493
3042
2121
3884
6843
4491
8405
4247
9265
9389
9725
5327
3779
1002
8016
4223
8032
1026
2344
6562
7937
6316
4133
4494
7580
2182
5148
30
1352
6697
7647
8880
6785
3520
3183
5185
4206
1050
1151
5062
3201
6318
8667
3212
9423
2239
7768
9426
33
4752
1534
6469
506
8025
2340
3868
7610
3803
8315
2022
5394
7185
141
4369
7481
9735
4711
7580
6959
5871
8405
1519
3152
9586
8205
457
9515
852
8319
7914
7907
9211
8379
3
8581
2369
275
1786
9899
2664
8163
8146
1745
2797
5134
443
5399
128
4043
1093
9382
9395
2128
4859
4214
2097
6125
5294
2014
2226
4476
7919
686
6124
8679
9026
922
2331
6555
2287
1143
7492
2860
394
924
4006
474
3445
1393
2467
4370
7733
9178
542
7591
7458
218
9476
2674
7939
4466
3616
9896
2202
7209
1002
6859
2923
8640
1696
3108
3315
5078
9112
1967
1670
266
388
1783
857
1215
1703
4116
8722
3637
7335
3378
7293
2037
3907
7796
2288
2301
2455
3241
4657
9517
4846
7038
1991
7969
2727
7940
7342
1408
8299
7507
5166
3300
4462
9071
2990
8731
420
8634
1733
701
7974
1386
6866
8207
5829
60
2525
6072
8046
2025
9246
3922
5215
264
4044
3027
6793
1301
2440
4109
2390
5665
2219
7602
5085
1817
4684
9932
3923
4667
887
5131
9765
1286
7051
9840
6707
6033
5443
3147
7103
1536
2759
2704
7926
50
2275
4751
8206
5054
5049
7588
2513
2319
8915
5868
4056
1118
7451
617
3004
1423
2286
9575
2953
6062
7086
1248
1797
8140
8120
9853
3743
372
7590
9647
9819
5763
2933
269
7613
8840
6137
3294
2515
7511
5023
4217
7816
8612
1796
8091
550
5039
8484
4569
2429
4779
7973
2711
1841
6803
1317
1032
3960
447
8961
7270
8757
7539
7641
7989
8606
2841
576
4179
8341
977
5064
5586
7445
949
7661
90
4938
3042
1248
3001
4950
7044
7383
1548
6914
1073
2243
482
6690
4216
4930
2366
3628
1371
5542
2510
6650
8859
7766
3627
3118
9380
4468
8032
1430
9161
1215
1389
2800
960
1561
110
7455
3009
4748
1048
9806
2459
5624
6052
2740
4680
6384
2160
4345
8482
9462
5249
153
5398
2708
4829
2071
6312
3421
7497
131
983
8066
5502
7327
178
6857
9025
1518
6139
636
3235
4334
6635
4334
9014
2023
918
7043
914
4612
8720
1440
1046
3858
8112
8768
1411
8679
9525
8553
5045
9621
4071
8351
4675
7199
4543
6551
7994
6123
440
2910
4405
3641
8967
3227
7456
5699
5322
8995
8860
853
9934
2732
6021
5454
7667
6612
6803
4679
2003
178
1326
2308
2785
2268
7125
4889
7599
971
4849
2127
3235
3340
6821
6360
1754
6377
121
8495
5293
1624
504
1586
8595
6578
5254
4500
2503
2502
7638
2831
2587
6126
410
8007
334
6691
8108
6661
7050
7965
8077
7794
5153
2685
1485
6610
8681
7071
5338
2547
9845
2682
9084
5286
871
7130
640
733
5442
1072
6516
2454
5349
5143
7651
6711
6005
7482
6080
1498
4761
9061
5752
1563
140
8378
899
608
8670
5045
9324
2936
236
9985
8273
9751
9858
524
9197
5761
1550
8712
5844
5588
1287
7956
7359
284
4094
1643
1001
481
5059
5003
9368
3747
7147
2377
6304
7289
4800
9250
6181
1078
6570
1413
4319
8269
8349
4880
5827
8599
9203
5720
1232
835
8331
1741
662
7997
4978
9005
9870
7409
6433
2983
1702
9298
9510
5011
3212
2150
7080
7856
6829
4100
9494
1518
6670
690
3295
1998
5019
2904
87
5223
9790
5048
3032
5658
3810
3762
2343
2231
4584
7107
7065
4945
1722
3342
38
9440
7566
3407
2445
8246
78
8235
2968
1077
6278
9579
1345
2894
9149
2507
4740
4876
4599
8878
2711
2547
938
4436
4888
6819
9615
8191
9302
978
748
2882
386
6121
5120
8603
4759
1484
5390
7123
1496
7536
62
9603
3305
7801
8480
3113
5937
9009
3011
1227
3311
4464
8533
443
154
1096
5403
300
5181
1456
9683
5092
5523
9412
4824
3538
4814
618
9046
1810
127
2872
6447
2607
9681
6165
94
7833
2535
941
1113
2023
472
8217
5436
686
1767
8990
8356
4098
3672
2132
7321
9021
8191
8202
4367
2270
3099
7913
5214
7987
9988
2966
897
5306
5137
6651
4493
4420
3933
664
6499
4987
6762
8758
8375
7638
2822
7261
6385
8507
7902
1815
7572
3892
7216
9748
8477
5413
7029
4847
414
5980
2751
5456
3772
7130
6799
1604
1766
801
8379
2698
9959
2095
8910
1328
1966
2250
800
2733
1675
6236
3463
7455
9469
8033
1966
1369
5082
6303
5413
6581
1822
6294
3401
6352
776
8535
3189
5350
4353
1241
6361
7163
9326
3578
6107
6541
7640
1811
955
598
2378
1024
7340
5222
7163
5486
2351
8752
3613
373
9521
3028
3429
1304
4697
29
8044
3770
5291
1435
5349
8484
9984
2548
5632
1765
1705
5302
7486
6553
6322
8881
5382
2092
6212
3267
7160
6625
4365
7651
2240
238
323
5010
2653
3563
8247
5391
450
5339
8247
9850
204
1609
3591
1867
6949
3399
8753
9428
5945
5811
8778
5668
6311
763
6455
6189
1082
2002
1775
6649
633
3379
179
8104
956
4726
668
2477
7136
9537
1363
2570
3948
2641
5911
9273
4549
89
1690
9949
2575
9097
7981
4648
5061
5539
8605
7806
5674
2346
7198
7162
7201
7228
8375
4335
458
6626
7422
5857
8751
3685
9174
2485
7806
9939
7910
8983
1207
8930
7420
2651
2056
3332
9666
2342
7495
4252
127
1149
2800
4721
5489
8973
1856
5776
9433
4942
3937
1270
1752
6770
6374
590
7609
2
7050
344
3870
811
1204
5275
2544
1460
4190
4540
113
8100
982
8527
8180
5698
2212
9134
352
9164
7709
4040
6497
7612
8216
7003
207
5448
895
2389
6755
9209
4840
7031
6919
1871
7556
1036
9517
594
1127
4456
3379
6875
4394
2708
6853
149
478
3001
8803
414
7682
8059
2405
6483
774
7881
2653
6027
6400
3937
4700
642
9455
585
2423
409
2015
6380
1563
2412
141
1153
2367
3684
9803
4930
1625
2414
4821
2844
8403
3772
7893
9362
9695
3210
8676
7063
9497
2707
1250
6652
5388
9589
7065
1766
136
4739
5069
2499
531
1258
6390
8415
7757
4678
3552
9890
3208
4085
4818
5356
4487
4812
3199
6036
2294
7593
2410
5118
4459
9752
7005
2971
5228
2250
3420
5973
9282
6003
1477
8843
7964
692
7386
3593
6310
7768
723
5003
6474
7042
701
4644
1240
247
2728
4426
2131
1416
9280
21
4572
9795
2265
824
323
6809
9393
478
699
8179
1968
1417
2334
3489
5763
2519
5328
2004
666
1478
3224
5773
3982
6682
621
4085
1575
7436
4221
8446
4477
4389
4643
5530
1598
4699
5402
3435
6511
2731
3005
3610
8774
1720
1809
1644
6504
7362
9894
2033
5934
4315
9417
7823
7901
4854
7902
1471
3574
689
4348
8902
8315
1013
8329
8022
1075
7339
3191
5974
352
2049
8127
1936
95
5038
5950
8058
2480
3234
3933
7031
7815
9537
3478
8878
4209
2721
1667
2075
9595
3602
4152
6677
3456
1790
4292
2864
9969
2513
7813
4723
5450
7931
8538
1165
5635
7683
4012
5924
1684
9886
9151
7310
4636
5888
7989
6611
852
179
3813
3938
943
2150
7738
420
453
6023
7278
2318
7360
5012
7545
7499
4855
7279
2789
6601
2137
6992
7716
6578
4460
6175
563
3246
695
4210
2464
679
5356
5603
6779
701
3194
2262
8905
2459
2210
3193
8111
4874
5528
3421
5901
260
573
3333
7208
1916
1243
1325
172
6108
6272
3900
9266
815
6254
8060
6111
1648
3138
938
781
531
660
1961
5614
9874
3982
7420
9853
1226
8257
4580
5016
3720
1428
7814
4203
6382
9935
4529
1422
7050
7703
2270
1363
6057
5850
7561
2296
4840
9198
3839
4884
8267
1924
4760
9983
658
4451
7463
7186
8296
8066
3584
9490
7805
1366
1546
3959
3799
94
2548
1202
8389
4458
6829
1806
612
5523
8318
4085
2022
6423
1067
8694
511
8772
2427
6598
7553
6343
3955
9798
9675
8981
2090
851
3357
2218
7224
5507
1871
8943
1280
6174
1091
4594
1600
3323
1721
1745
2502
8701
4177
2822
2325
2366
4998
1722
6057
4203
6985
3043
471
6223
3483
992
9
4788
5967
5399
3256
119
5599
8604
5947
7164
9806
6821
6943
1955
6686
3563
7767
5833
8739
1524
3654
9361
6760
8335
6698
1236
7360
287
5228
2775
6207
8364
8277
9453
443
2982
7156
684
5581
1003
4493
228
3932
3899
3395
4285
8412
459
8329
6560
9587
5239
6806
3689
9196
2139
4727
3067
768
4467
1082
1845
7169
4097
6088
4388
8041
2159
3842
633
2483
4037
4191
7276
6551
7550
8900
5745
7100
647
6662
1658
8121
103
2636
2669
3004
2629
1544
6456
4047
8790
2760
8066
8520
7158
6424
1603
6465
4169
5642
8406
2567
1570
7800
5454
9958
772
505
4008
6852
2152
723
1600
1117
1838
9409
9702
2784
6343
1269
3393
487
1585
5166
3220
2476
8020
6061
4497
5402
9214
9525
4060
7699
7274
9106
6066
5665
7223
5435
1129
9070
661
570
5480
8407
8514
5564
3195
7662
247
116
7264
7055
1837
613
8566
2390
1428
32
6167
991
1540
7098
2658
2573
2485
2914
110
7167
8445
1090
5868
7984
8904
1747
3165
5199
8861
8646
404
9599
3886
7024
1148
5471
880
8821
4205
6140
5324
8857
2171
5813
3284
146
8112
9183
8346
594
2748
6106
2798
6741
4138
660
5575
2518
7604
1453
8421
9142
3593
1691
1700
4719
7822
1135
2402
5845
787
2743
1924
2383
6696
4437
4470
2325
9343
3424
9203
9002
6067
4409
2068
3532
6858
2529
6412
8777
9751
9113
6163
9413
3875
4330
704
4185
1453
1431
5213
686
2271
1279
9414
8715
3619
647
7474
4698
1350
5720
902
6017
4620
7684
4854
8320
5492
1855
4813
3607
1949
8267
7870
6458
137
3509
5580
5735
8673
191
3239
2519
393
3661
248
4212
2054
1907
9792
2970
2445
4862
796
544
4349
5219
411
1529
7584
1430
3986
6646
6238
3756
2752
7454
115
5282
3582
9633
274
463
8297
6857
5738
4631
84
9027
4200
434
8503
3020
1485
2476
4972
5279
8129
1054
7580
2062
1223
7950
3109
5791
8819
2402
4063
1449
1018
6842
2399
2702
3977
1743
1787
2156
6665
4535
8848
4335
257
9354
4112
9833
7868
249
5488
1173
1293
5678
5857
5160
5040
8175
92
5497
5587
4711
1252
4898
7205
9910
1223
2791
4429
8279
2997
8743
2078
6547
7972
9569
4586
3781
3939
1337
7077
5469
1438
202
3339
8793
4322
9006
6516
8929
1585
5708
9366
7633
7815
1666
2508
7341
750
8772
8743
2463
6335
7123
9730
6677
2090
7952
5706
3577
8728
7331
2365
1025
2351
5368
690
6552
7174
889
5370
5404
1274
162
9909
2874
7904
256
2376
6518
411
540
5421
6976
8560
6903
2380
3763
2873
3733
7369
3984
3271
2255
3070
9867
7563
3460
6698
4324
6502
1041
170
2856
512
849
6663
3048
790
3813
32
8731
8376
6247
2665
9872
1554
636
1636
2247
7960
6648
9184
529
8551
3494
9071
548
9610
9529
1644
9459
6747
8797
28
4909
3226
785
468
5525
8099
5657
9244
2563
7083
5070
67
9497
5083
5513
1347
2168
960
5760
5990
2419
6834
4768
792
1684
9763
9644
5503
223
7467
6437
7369
9716
1010
6779
1861
4120
6573
978
2629
9430
9405
2745
7985
7873
8500
599
2512
5326
2521
5622
9555
5312
9342
2740
4738
3028
3568
904
2411
2398
3342
5346
5160
6563
8030
6663
3841
1865
5309
2379
5041
3580
8021
495
9869
706
9044
2365
2835
2961
2027
4577
5807
6847
1348
5947
5188
1626
5303
8659
6201
9914
1406
9852
9681
4804
3351
6524
8032
5472
6827
7098
187
397
1581
3337
1631
1219
9077
7460
1636
8073
9293
6458
7603
8344
6011
333
2502
4592
5217
7589
4864
4217
9345
618
7757
2157
8613
6242
8522
6405
4926
9784
7848
9793
1931
4542
1645
6315
541
4404
1548
2030
3945
1657
262
8643
4381
2017
7585
2940
7830
5095
8856
437
1665
6789
2291
8104
8656
1187
6328
2576
2368
9724
50
48
729
8407
4145
9348
1573
9124
7442
1800
4341
1589
7729
1960
9856
8991
1884
9448
861
2369
26
5685
756
3845
1195
1563
7056
3284
9393
5577
3191
3615
7664
9506
5597
3019
1362
2885
1589
2189
5807
8879
2042
5926
6411
5567
8189
1120
2927
795
1840
8858
7148
753
9666
4673
1230
448
1660
5488
9822
4520
7628
5560
9338
2111
2895
7491
9689
4246
661
1574
905
5899
5647
5365
2412
2112
252
8444
6019
8188
1493
3339
4233
1185
5493
2337
6931
3806
9053
6237
9414
9429
2727
1536
2569
7407
4953
6423
4141
1663
9516
9896
3082
8325
9726
4394
5996
1764
7573
1178
9775
3973
6517
4539
3910
669
5988
1774
1682
3517
9019
531
9665
9544
6191
7695
2628
2235
3906
974
502
5352
164
4410
458
4451
7581
2988
1588
1137
8496
8643
8891
7789
3416
515
1277
413
6790
2560
3875
1524
1150
1627
3463
8858
2542
2060
2564
1801
9553
3329
5948
1977
803
2549
7232
2638
1254
7684
6075
7760
2020
334
5839
7644
9126
4811
2821
841
356
7214
7983
909
8238
6573
6161
2273
6954
7295
7039
4147
1503
3927
9048
186
9218
6384
2612
2383
2591
506
505
9450
9498
7620
9172
1610
2086
4762
7494
3289
9798
7361
6253
6511
1810
7904
7270
6679
2492
1777
8495
143
2564
4233
3601
2307
8313
2628
190
4940
5569
2805
2855
2165
1866
2044
2449
591
7777
1496
1177
3846
580
4800
9782
7075
435
1949
3230
5410
6268
7450
9916
6263
9816
6734
7568
9885
8879
2633
3030
5471
2275
1421
796
9387
6252
7023
8079
1091
2111
6094
6677
5046
3285
436
7441
1407
3113
1595
2946
3788
8818
1969
4828
3505
6306
4943
8603
6446
1294
2390
5813
6431
9695
8683
8928
5506
6600
8917
1781
2446
8040
4500
963
5874
3618
3653
8646
5612
3116
6915
3945
3579
3030
2095
8377
9543
6587
6163
2988
4735
3820
3604
8227
1411
4619
9015
3244
6900
9205
421
4283
2361
8948
5377
7929
7299
9636
4634
1661
9698
5220
5612
6219
3001
6911
7532
7946
6576
1180
5955
7771
8409
7074
1546
8806
5765
7040
9560
4967
9160
1020
4408
5161
298
8027
1182
3937
3967
7281
2043
2527
969
168
2575
6688
2253
822
4319
4232
2404
411
8135
5854
5874
2328
7201
1096
5980
1222
1255
9481
4326
1349
6693
1768
6858
1668
2627
9507
5280
4849
6417
5059
9562
210
2020
1969
5215
3011
1440
9546
7659
2272
5846
9839
4756
7670
657
256
4144
7397
6059
9099
3653
7384
6661
303
1010
7768
1447
2085
4316
8526
7396
4689
1211
9096
3650
7302
519
4078
5288
2904
8573
1797
2185
4790
6358
9075
9409
919
9641
68
9725
291
4847
365
6639
6438
712
2959
3170
3281
3373
6846
3099
1858
4486
6547
961
3157
477
9743
1359
474
1442
9984
2343
7161
3967
409
8361
4868
7455
4173
724
9228
7595
492
6364
2998
3366
913
7117
9934
6730
699
5215
5853
3553
3787
1243
4168
9385
845
5324
3433
930
9339
1465
3106
7321
2350
9826
3359
8170
7222
9625
4539
801
4780
4676
5046
898
198
2560
7509
2347
8859
1144
8202
2646
775
37
4662
5219
6113
264
3500
1765
3868
4023
2936
5371
1771
7988
6496
2434
7160
6948
714
4282
2598
6126
3726
8070
4725
866
6701
4632
2454
157
2050
1596
8977
8378
359
707
1091
3898
8476
1507
3547
2744
2196
6285
9591
7206
4928
3728
6203
2540
3008
2604
6738
1603
727
5241
6071
8892
6830
8280
3270
6166
8316
299
8591
3856
2212
6721
1979
5819
6703
548
9858
1380
2285
4679
7388
6481
9846
6666
9766
8970
9765
2320
4040
4938
8279
5603
2852
7285
9681
598
2674
492
8464
9786
8554
623
9796
7189
7329
8563
7072
7649
3015
1940
2603
7153
9088
6684
8522
393
3075
901
7330
8126
1999
9068
7465
716
2420
2182
3964
1943
4385
9095
2806
2851
2074
16
7920
1416
3580
3769
4548
8864
7508
2992
8406
3987
972
8864
6005
2422
1784
2950
6206
2239
6001
2640
7138
6667
5327
6279
5321
8052
12
8110
6663
6189
2790
5467
2782
688
9526
3253
4645
8619
1023
8591
5719
213
2744
1477
654
3095
5822
9060
8289
7785
1012
7871
3932
682
1932
527
6320
2181
9051
2778
1434
3792
1384
8663
280
3815
6309
6241
650
1400
2753
3818
3653
1776
5388
2082
9677
54
3853
5896
3476
2646
4353
2688
6094
7281
3029
2438
3688
6802
582
1282
1832
8020
38
6781
470
2211
5730
1058
7467
65
625
3080
2088
6602
8848
3952
2523
7609
6044
9450
7518
3916
6768
9660
4113
9350
9216
6709
6617
2531
8804
3679
7576
1297
4137
9092
8638
350
9172
1747
5008
1996
2377
738
6761
4604
9883
6694
1951
9066
1301
1201
4167
9605
5816
3227
91
9842
8758
5668
1227
273
3038
7433
2
6112
569
2053
5930
846
373
8682
3730
2947
7871
4944
5871
9375
7607
2860
2337
8864
1726
3653
3032
9703
4179
5236
3910
7309
6959
1594
2263
1842
3261
1879
8222
8855
494
4215
1490
1069
9259
2415
2937
9805
2316
3177
4547
953
1786
6876
3066
4274
2000
5872
1720
8956
7959
7712
5994
5903
626
560
2468
1040
6263
2065
9125
7679
8271
2387
316
4834
7039
907
9707
8450
8584
101
4843
6900
1773
572
1297
8170
1699
9639
9231
251
4541
9014
78
4305
9768
9662
8746
5345
3956
3840
1214
1873
2533
8865
8178
2405
8345
6757
4434
5898
2123
5246
5745
2918
7575
420
8574
719
5743
3301
1494
1228
7501
5983
442
7865
8666
9786
9394
9759
8910
7068
8001
3555
649
2504
6699
3262
7393
7207
821
7533
3277
8089
3164
9465
1554
301
5913
457
6715
6223
4132
5975
9999
9026
2982
929
334
7311
7939
193
3275
2412
9079
2143
5953
3184
9968
8868
6287
6902
3117
499
4965
4673
9941
3444
2884
4271
5947
5984
8705
3264
6929
7796
7546
4264
299
4511
6524
2403
9301
1774
4325
713
1815
5419
6053
6275
9000
4370
9482
5133
6113
3076
3308
9291
8611
974
9702
2721
9083
1500
2839
8606
9365
9211
6312
9689
2144
1389
494
9023
8096
8848
7218
8523
2425
6769
7295
6471
6203
6893
2091
1361
681
9144
3162
34
5870
7393
4192
6219
9042
6806
678
9153
5081
9188
2047
7932
509
1010
1466
6618
5869
7742
9466
425
9366
9640
7525
1188
1985
14
3274
1389
8237
7111
3655
3244
8111
1716
6426
5511
87
1764
8054
8371
2948
5911
1160
1801
698
1813
5706
1197
1091
8464
935
5019
5477
311
7792
4403
5379
6525
5615
2263
3510
9289
9883
9057
5885
7711
1595
3211
9794
6303
2302
5209
7695
6780
6874
441
6864
3376
9908
1487
1931
238
2144
4474
5838
7896
3416
8347
5112
5666
4050
9063
9003
9751
8445
5867
6672
2826
7245
6575
1819
4255
6728
7950
9280
5644
303
4244
8166
874
7809
5545
5180
1504
428
1134
4378
9874
1221
6277
6840
8662
8634
5350
3300
9239
4679
3087
416
6493
1574
3036
2059
3981
6138
359
1825
8333
445
7170
9845
9547
6344
9682
8398
9918
6548
1982
2799
1021
3999
2473
5916
3183
9009
9324
1066
259
5423
1159
1222
1824
9599
1897
793
9439
1309
1695
6378
7128
1422
585
4916
7467
2259
8467
5001
2353
848
1411
6120
7249
8813
5006
1851
6118
8237
8288
6436
3681
3486
7083
7353
9452
6992
9871
541
7423
2825
6076
3681
7990
1400
8804
5243
5538
7192
3028
8102
2127
8792
3988
2666
8998
3161
205
8317
804
8967
2491
698
5979
5947
579
9537
8151
9008
1078
2672
324
8934
4806
8640
4398
7507
5241
466
3032
8128
7212
3276
9009
963
618
1311
5076
4345
2653
6987
2560
6199
6820
7381
6455
3088
2390
9895
8682
1561
7045
6329
6133
2155
1286
3087
3511
921
721
3538
6517
9715
4196
7492
7520
298
2380
4238
7123
5638
3495
2620
385
5588
8036
6092
1711
4995
5356
3010
3790
2913
5637
6736
140
9281
8868
1316
8939
6241
3475
7954
930
3641
5411
7412
3090
390
532
6943
2380
9047
2130
744
5265
5143
3074
9751
9482
2189
9502
395
9897
3681
3197
6893
464
304
231
9017
6273
4882
9143
523
1269
7561
7778
3862
8672
1645
8199
2699
5381
8086
6215
5512
7399
2457
743
6287
4800
6694
1412
4952
5413
9601
5174
5881
9129
6720
3544
8805
320
6149
2471
1363
8135
637
7544
129
2595
7895
3151
6393
1799
2233
2734
8003
667
8544
2795
5242
1065
4806
1461
2051
2424
4297
4424
555
2687
4297
6302
8529
6802
4466
3912
3908
2193
7995
3678
3662
6242
9790
3332
2385
1835
2473
5854
1761
3700
1236
85
3939
4509
8789
1050
6755
540
976
8442
6620
7754
9235
5954
1892
8958
9377
261
9366
2473
1804
7244
8836
1908
8632
8557
6652
9591
4062
7376
1722
6044
1791
3645
239
1428
2410
1530
2753
7512
6272
2132
4787
7618
7541
9276
7830
6476
2777
1252
2255
841
4664
6489
6955
5571
5311
6051
2945
3701
5456
3515
8055
4762
5511
6381
8088
6486
2638
1886
6196
3076
863
5039
4616
4559
8424
1299
9439
2724
4451
1261
3177
6455
8982
1758
9020
726
8601
446
8328
1164
9382
5352
9551
7831
1126
1371
9205
8875
6249
1053
164
8951
8854
4115
675
4761
9828
2543
9512
286
6535
6537
3276
9613
7600
8882
7422
7317
2398
8244
5946
1811
4538
6686
4699
5209
6946
799
1390
1691
5987
8992
7434
3307
1164
3719
9149
1704
6737
5625
2232
9267
6285
3504
1470
7906
7628
4718
2553
1736
2952
8896
1182
5540
3890
5110
1682
3305
9172
5330
2988
8094
7796
9455
2172
7991
9371
84
5693
7236
7334
3113
7016
7913
6077
3225
5529
4526
7683
9913
7893
4055
1630
952
3804
614
3607
6471
2844
7743
6355
9195
5654
1309
7427
9985
1013
2371
169
6849
348
3270
8541
6902
4670
6457
639
4173
996
1033
9581
604
4923
1866
7687
3141
8589
5361
4129
3178
2993
6131
2169
6803
1589
7390
3834
3615
1978
3959
9839
5063
8160
1780
4316
4377
2932
1579
8122
3923
6728
6283
2178
5022
2050
9209
2732
8830
855
941
7400
359
8330
9758
8172
2738
6303
3531
239
9936
8325
556
2549
414
259
8648
1820
6713
2002
4712
7959
8532
2124
1964
297
8584
3539
1036
7957
3260
4773
6882
8563
2469
1982
6358
5509
687
3086
4218
299
1261
4701
5336
7587
5997
5549
1512
9717
3343
3471
8198
3006
4856
5432
8132
268
3266
7189
2587
7978
7382
9516
8
9803
9453
9541
1189
3212
1747
6841
9541
245
6461
2682
8996
9361
9548
9012
9150
5407
259
8627
6367
8471
998
7140
2139
1617
7603
3888
4479
9762
5717
342
5511
6504
5046
7992
417
5433
9957
7481
9650
6743
8201
773
8681
1862
677
6178
401
7793
6172
8454
2762
7450
8630
6585
5241
3681
2852
2524
7614
9862
8496
8586
8647
8322
1241
6782
9428
8675
2926
8229
299
7959
1864
2709
7981
2508
7469
8654
2472
4516
6355
2560
4606
2622
2369
3646
7686
8995
6828
610
3810
5487
593
7824
273
881
3821
9519
2821
1796
9509
2853
5607
3566
2163
5314
2473
5529
8815
289
4333
4721
7103
1322
6645
1789
8703
1516
6394
1601
2836
5353
6865
6195
5981
3249
1307
4076
6827
6740
7180
9842
9363
3970
4222
4740
9298
8949
1414
3046
6545
9314
1623
6285
2968
8204
4534
3405
4295
1161
2814
1505
739
6425
7029
6666
1582
7828
1038
6541
8091
8675
2768
6374
5088
9203
3160
5857
7260
4293
8811
2298
2667
6201
7278
291
2296
4668
3145
5511
450
2399
6760
8524
5890
2123
3764
3934
8956
5073
8819
106
3700
6951
9067
1144
9459
9488
5037
8333
8298
5562
9583
5647
8294
271
7066
394
1685
3572
9334
1266
344
5590
8114
7370
201
5973
5752
2917
1534
4577
9600
3644
3535
1189
7540
9023
4357
4609
9765
6783
8451
61
636
5035
1946
1386
2355
681
8759
4699
869
6184
7328
6100
5122
8099
3839
2898
888
889
5693
6475
8399
4763
5731
4103
563
8933
9069
6591
5624
96
2016
325
857
5831
2318
9956
4577
3977
4935
298
5806
6431
9394
915
562
5663
7996
7511
7980
3008
6912
1447
5830
7038
9449
9172
8032
5984
292
6305
3726
3128
4313
5818
2814
2987
4442
6933
6300
7378
9885
1239
345
528
1943
2026
3881
7589
2122
1358
6124
6786
848
6254
8111
5550
4872
5733
3524
2105
2129
7936
5247
7775
7221
165
1059
3807
1832
9348
1852
9484
4304
6397
5438
9347
5015
274
3518
4606
2222
5678
5327
2089
565
8199
1521
6884
5977
8352
9829
9880
557
674
9731
3597
5340
3916
1055
3482
7101
4777
9466
2095
2681
497
5717
1648
521
4274
1819
3411
9795
336
7583
9436
5462
2362
5172
6358
7763
5759
3420
4245
8960
9793
6787
2729
9831
90
5789
2326
7508
6876
7436
1282
4991
6269
5030
5775
6086
5954
1191
505
127
3195
5796
6162
3420
5440
6544
8029
7951
3610
1057
2487
8129
6645
8853
4972
110
3092
1922
5769
7715
1542
1355
9086
539
2296
9210
3495
8437
7787
4106
2827
2298
3511
3156
3028
8654
3600
3181
7456
6357
7255
4877
7015
3496
357
6739
9934
6616
7028
8103
1596
9794
9054
3488
1819
8580
7930
535
625
6175
5555
4172
4352
8109
7468
1000
7610
8325
162
2691
3401
8284
672
4534
893
7902
3369
5779
3191
3582
2929
6660
2711
458
1932
5090
4529
467
5612
503
6405
6379
1125
2293
9487
5920
8179
8184
908
1464
5150
3818
7198
7293
8605
598
1233
8827
8665
5215
6287
3495
8755
1905
7137
1059
8777
1320
8232
271
3013
4288
2427
9698
1366
2205
2449
7882
1219
1708
7969
4512
2973
2602
5080
3503
1652
1155
4107
8390
2541
1581
5038
9868
9395
4599
788
3124
1500
4636
5447
8625
4733
1820
9867
6956
9232
3244
654
1636
3556
3325
4499
5780
5814
7915
3087
5291
5647
7975
4099
6120
4606
4247
6763
5
6664
4716
6390
2822
5325
5861
200
1649
2301
9474
3324
1920
986
347
3022
8613
1855
4001
4088
9293
3633
9765
5995
2057
5046
6505
4752
8953
7780
948
9215
3929
2074
1450
7328
5424
3253
3114
8017
2022
1404
73
4215
1927
6204
1280
9976
5734
6939
1154
9913
2643
8007
5457
1779
4223
6767
6945
3659
8464
2757
6716
2722
6528
1298
439
4874
1915
4362
5653
7627
7913
7426
5659
1844
7256
9471
3876
7910
2014
2096
8646
269
9133
5519
2357
8224
472
7428
8710
1836
869
3547
2183
2508
9876
2471
6541
4348
5151
5511
7261
9261
4049
2679
255
3403
5596
1450
8800
7486
6422
4775
2327
1342
1172
6066
1738
778
6042
7804
2130
7115
2561
237
6349
9140
2602
9585
6594
7261
2627
2401
5626
193
647
9172
1565
2900
6506
1653
7850
2569
1718
9351
7260
6130
4111
2854
9401
4697
4430
64
7820
5216
9036
3460
2742
852
7133
4633
1120
1943
6479
5746
196
5357
1715
7536
6509
535
9723
1833
4588
1295
9989
7128
2188
3827
2407
2405
6745
8437
7387
7143
1772
9746
5965
4390
6026
2914
4147
6534
7086
7376
9020
2337
4323
9498
2284
6404
3991
7787
4087
2589
9245
6071
507
9107
609
439
3459
9014
769
7494
3226
5065
266
3898
3661
4750
929
3799
2580
2832
8980
9361
7202
2278
8655
3328
5642
3031
9363
9561
4149
9529
3812
6971
1873
447
4162
9863
1004
5826
8539
7795
2978
7854
7726
8752
2611
5105
7779
9019
7929
6304
2202
4353
2616
3450
9441
6295
4406
9905
1657
3113
797
9878
1419
3873
3711
3236
4775
8346
4490
992
5486
9541
9772
8159
3329
508
5176
8265
4200
7286
1177
1116
1368
1162
4263
9812
2991
9351
1144
8138
7426
3587
5097
3099
2489
2626
3901
9258
5288
7258
2468
1512
4338
7204
6688
3859
2697
4950
8356
1421
1721
8815
9870
6671
3078
9250
5782
8637
6754
9415
2215
1307
4132
5710
5518
3040
8582
582
1345
9994
525
3085
6435
2163
8958
5688
3365
1458
3439
1285
6558
1237
860
5327
4269
990
380
2130
8222
4971
2707
7680
3308
9915
1224
9332
2407
3021
8554
8292
8742
5547
4526
204
4222
1032
4972
4169
3235
2693
4076
2771
4366
5994
1579
46
6737
4563
2
6738
4503
7176
1192
4074
63
1394
7367
2187
9050
5211
4093
6118
7042
1254
2244
2575
6606
9519
4675
6094
2451
691
7878
8854
2702
1747
8364
9396
9583
2037
8960
9594
488
9692
8155
7261
4679
7337
4903
7132
7839
5089
8023
7618
990
3841
6149
2046
9002
9568
7659
5344
3725
1044
1799
3031
963
632
8537
4073
1682
7756
6878
5106
1145
1965
4066
4641
380
9031
930
6607
8575
5912
4928
7857
8049
2502
5162
2816
4235
3668
813
2840
792
737
309
2221
2120
2562
2249
3509
2928
225
6437
2801
1620
5061
6071
5117
8647
7460
3454
939
8466
4247
3296
635
547
3357
1884
4207
4232
3154
7695
8235
8413
9217
3258
162
4850
760
787
8639
4241
411
1227
1793
4462
2284
305
6331
4752
7769
8005
8346
9359
5510
1679
8488
7998
1149
897
6193
6634
4371
6394
4388
6836
7324
781
1244
6940
8994
2737
6368
4798
7906
4058
1848
1330
8552
9576
7425
2222
2029
1022
6626
511
4589
5926
5456
9240
1390
3234
2799
8185
9741
7830
1194
5636
8363
3925
2212
3580
9880
9514
7872
335
303
6952
2319
4054
1027
8451
744
8378
6472
929
8700
8585
757
8555
7082
1369
2680
4680
1472
3036
2234
8524
4516
7109
9797
5724
2162
2906
1043
8134
7527
6539
1049
1151
445
1874
8484
2636
8439
8795
5330
5365
5376
9350
1061
1079
4879
2506
4387
1930
9246
2748
8130
3362
4491
2880
8786
2889
3614
6624
8955
5677
3980
3963
8824
1574
1356
8671
7476
666
3096
74
5924
8420
9814
1517
325
8915
1863
1794
1736
3663
1039
3520
4251
1762
4455
61
6651
9652
3136
4915
2326
359
7385
3110
9237
660
6994
197
5097
3909
4337
5374
6342
629
293
8439
2222
4773
2554
9402
2415
7777
4125
8961
735
1506
2016
4019
7174
1157
7951
1533
1486
7692
3860
3813
9287
1763
9960
7915
4526
1030
7755
576
526
7280
2983
8107
5431
6967
4672
6522
1038
3079
894
4550
1030
5980
749
9451
2765
1764
7636
8710
4538
3252
8262
8623
1206
7450
5206
9625
6712
4595
7678
5352
4886
4574
866
387
248
2176
2976
5369
9151
1433
4395
5944
1894
5863
8504
3772
1064
5049
6888
5014
2898
6519
2487
3885
3082
2273
2804
3305
8689
1701
7170
5933
2757
693
7583
852
4746
8840
8195
9184
5225
7311
1723
6207
5097
202
1863
3727
1102
6573
8288
1955
1295
1502
6094
2503
3772
4464
5177
1568
800
7812
6335
8504
7171
8574
1893
1416
2004
9302
2561
9462
4661
2705
632
7506
1254
8111
611
6012
4375
5574
4007
7384
5000
575
1221
2868
755
7007
5407
4441
8397
1225
5708
1344
2553
6529
7678
6935
2254
5972
4274
4260
2554
8823
1224
2186
4294
7069
1572
9418
3771
3277
1332
4859
2597
6179
7666
4397
1208
6566
6156
6586
5681
298
2866
8222
3022
391
5632
4136
2432
4089
8574
9890
5392
553
7028
2766
3152
1852
3073
8225
7411
4587
974
2581
447
6355
7806
7529
3698
6253
7977
75
7395
4529
1354
1161
2394
2438
2645
4388
1091
4493
1132
919
4895
1999
84
8103
8380
5604
3876
4970
2038
6390
2158
7853
3757
9205
1681
3729
7561
6700
1006
8853
8827
7940
681
8746
8646
4168
9651
2003
4558
5320
4662
2939
1408
2017
4160
9996
2
1533
9779
8749
4092
4792
5836
924
8279
3971
3603
8252
2453
3916
3266
9808
1346
2925
170
7817
9449
3523
1010
396
8010
5842
7842
8104
506
7608
4303
4886
5195
8447
2551
4145
2478
2343
7008
3913
7542
4420
2155
4611
1567
6963
671
8931
1327
1938
9572
6237
3867
7665
668
391
1629
5396
857
6819
9157
522
8987
3852
3374
7987
5464
5071
7491
813
8561
9117
1153
2687
9123
109
1182
282
1483
2391
6762
8573
2910
2894
8965
2968
7688
222
1682
3380
9858
4983
1258
4497
6266
8151
7268
4623
3294
8159
6355
1185
8504
7935
2032
3742
7793
4772
5578
3066
3551
8227
652
949
177
7702
7662
5026
9021
2758
2206
331
5271
7817
5936
1411
2085
5375
5683
8428
9552
1064
5991
890
7198
4712
876
5384
190
717
7660
3721
5379
7424
9308
2786
8405
1594
5342
3110
3972
8282
3323
6849
9022
6036
8175
666
4739
8827
5205
6771
952
770
245
3810
2889
5664
4460
8245
5378
2786
2795
7105
591
69
5122
3404
7826
9301
7086
1244
4197
1711
8464
831
3473
4142
5424
2572
7646
3684
8498
922
1244
4214
2664
1344
6177
7182
104
8557
84
2379
6047
4521
5162
6427
8262
7723
7407
8268
9365
9900
9240
5376
8837
1307
8022
4895
7594
7731
2108
2529
6000
3915
5685
7660
8181
3036
2784
1994
5672
2616
846
6383
1105
2024
190
1402
2209
727
389
2506
8347
3230
3764
6243
1731
143
3573
2080
3221
9350
9015
2587
4233
2684
2730
2859
1430
3182
3548
1310
5109
5086
166
8247
4120
9352
9121
1769
3754
7464
5981
2581
9896
138
4786
5920
4977
9266
1464
6041
538
3693
4373
2953
261
1463
9573
8124
6738
2526
4431
5439
2902
695
6517
6907
8172
5456
3292
4481
3002
1350
7661
9013
4037
5976
4443
3424
9719
3435
5605
2609
240
5168
7615
8436
4458
4547
3212
7254
2594
8260
6511
9336
6852
4235
2643
5090
6037
5736
9158
3897
7831
1401
4877
8884
7721
2544
2756
7947
7645
5780
4806
5873
1647
166
9452
180
7746
135
8313
7842
4412
9561
3221
5359
9765
1635
2791
9316
1884
7576
5529
9018
2203
3930
5815
295
7597
3626
9336
5016
988
2260
449
9248
6543
7065
4022
5040
1588
3725
9346
8504
7306
2051
5880
6044
8835
8885
4411
8826
2344
4808
6331
3483
3390
847
2929
9609
7239
6687
1678
3104
828
3363
9887
1639
3641
7921
579
3441
9065
876
1215
6111
3316
571
5394
3032
726
2042
1989
4956
5442
480
614
5573
3671
2433
1877
9743
1617
1173
2397
8090
3251
6249
903
206
8580
1236
7964
1518
9960
8284
8634
1327
8641
6410
3321
8139
6484
2763
446
8993
4433
6856
2544
976
6942
729
8121
9108
931
8518
6462
4959
427
9838
6627
1436
1161
3035
2905
48
1209
9941
6745
5842
1945
2838
3574
588
9399
1070
7278
1554
1197
2649
1409
5555
2107
7213
2022
9902
2307
8296
6729
8871
5067
6954
617
7305
3646
254
7250
1678
1988
5439
2198
9597
516
6809
2417
8708
8839
4285
4877
5974
2846
3017
1619
1510
1382
2359
9283
2581
8731
4837
5638
2393
428
2181
2402
8046
2461
9045
5198
9233
7554
9970
8679
6331
6875
25
4002
1002
7482
2559
8210
7686
7885
641
7164
9523
5832
7774
6042
1394
6723
4451
6285
2733
1380
6775
1318
451
958
7545
8839
4640
6474
6022
309
801
468
7872
4832
8919
1322
4411
2679
2074
1745
6346
2694
3839
8761
7897
7169
8845
5889
7132
4117
1740
9501
3752
9901
2335
2183
4800
9843
8308
5093
7220
8247
3258
2138
4948
9301
4706
1359
1195
7954
1081
2322
5706
5207
1653
2319
7234
1809
1229
1071
9319
4168
3134
751
7265
2190
4235
578
148
539
1445
8601
7250
6855
3276
2418
2303
4151
9092
207
1558
5212
443
8905
7979
6824
7563
9204
5888
610
3099
4036
2203
7660
9114
1632
8760
963
8783
3047
1067
5606
3738
7200
9865
1995
5919
4310
8504
8479
4677
8260
5284
1597
5850
477
7171
4784
5273
5423
9563
4652
2798
713
7890
7098
5449
3659
8054
498
1330
3420
4255
2078
3980
7170
4418
3804
7276
9437
7495
2037
8700
3685
2221
220
5083
5718
8204
1449
1432
4761
4027
4822
6927
3957
6003
1177
8082
7189
7796
1044
3788
2459
3927
2105
8370
8101
1395
8386
7227
1888
740
1392
5810
6267
2281
6770
4185
7469
7981
8761
1792
7081
648
7978
5878
9088
4310
2643
366
5895
3465
7121
3558
2316
2442
8497
517
131
278
7813
3907
2678
3383
6538
5294
796
3744
1832
7450
5497
5389
2089
5048
5559
858
4174
5530
50
8099
430
293
1226
604
1984
1832
3141
6914
876
8668
1172
4450
3965
9245
9751
5320
7049
3849
2611
490
8564
198
9266
2998
3617
1768
1147
1689
6043
1091
3252
6338
291
3262
5174
3127
4859
3593
944
8134
9523
5712
3518
126
6385
656
5211
7359
7622
2810
1429
927
7791
8774
2400
5359
3417
7162
878
8542
3881
490
4797
4444
5866
9314
8577
5009
6472
9314
9732
8878
4301
1945
6171
3588
4426
2117
859
2292
8073
922
908
4600
7376
6082
5452
7936
9448
6611
2327
1343
7791
983
2182
5351
379
360
53
5825
1824
3258
2138
8370
2964
7838
2514
3947
3408
8628
5422
2128
3338
4336
4623
3883
3921
7745
8669
6481
6488
142
3614
8389
5543
9777
5365
7372
478
4025
4297
753
9115
714
488
7818
1150
200
3708
5915
4619
676
7325
5321
704
1077
8390
8449
5528
5947
1996
2122
2735
2417
1708
809
7479
3409
8468
9108
9626
4268
1014
9496
817
5226
9577
2110
8548
8782
1456
9804
3619
2541
9150
2312
8116
3809
1338
9107
3502
1130
4000
9043
3206
2740
5816
2561
7144
6670
2539
69
1944
5226
5987
5662
5369
6897
50
5351
1038
7977
774
3222
4703
5065
411
4454
334
8139
3138
3959
6187
7523
1249
4037
6341
7824
3994
5975
4050
8145
2785
4520
8368
8442
1080
155
2716
1319
557
3627
1316
6816
9990
2145
904
9037
7548
617
6
1548
2310
9479
7895
4849
6167
4182
7395
4557
7611
5137
4748
4674
2413
4870
3258
101
3165
6711
1539
7877
1137
2243
5501
1740
7977
5381
6758
4580
6695
3355
436
6155
5151
2202
1673
9386
9179
3007
6746
6162
3042
809
4528
1352
490
3814
558
8259
731
203
4787
6979
1526
4648
995
6596
9686
4570
2769
68
8150
4435
8976
4257
8500
1495
2074
5670
9332
4953
8192
1576
8279
8278
1876
9836
8541
7727
2099
1147
1737
29
1383
7288
1157
4576
4156
7105
5078
4184
3713
4901
4672
2072
3633
7254
2509
5096
2387
9262
8138
4746
6814
1606
3555
1199
2321
7269
5024
6667
2066
4406
5760
1190
3446
1261
5317
2212
8161
9163
5727
4296
3102
2272
414
6468
304
9489
3410
804
7402
6746
1270
2492
6652
1701
717
526
4591
7355
2555
5441
9763
8315
5686
4287
8439
9609
2830
5885
1305
7769
5451
2272
415
8092
9223
1502
1701
7178
5212
9251
647
5729
1327
1349
3026
1948
6621
1114
4454
2056
6212
5305
6846
5027
6645
5518
5955
9605
5609
6978
4238
868
6914
6618
9405
7603
9107
8574
1192
3946
5234
3901
4388
7612
3373
7087
7447
5380
4203
9579
877
1586
5237
3963
2859
6869
8149
8380
930
1241
797
7786
1030
3811
554
5900
9792
1530
3307
7228
1729
825
4109
3818
2391
9282
3865
5761
5477
4133
9712
3673
9870
9953
3029
3871
2466
3578
1948
1970
5964
1068
2466
4287
5339
8287
8429
1520
2800
9931
917
8992
9687
7950
244
3666
1626
1420
8954
9875
8866
518
4403
1212
5103
2190
5453
8397
5450
3994
8644
3751
697
3895
3313
2744
403
1695
9299
476
1156
2814
1804
7378
5491
1170
3663
2637
1635
5729
1720
5612
3415
8720
8381
5613
2825
7121
2531
2893
1180
9900
6613
8482
736
1089
6800
7565
119
540
9074
9834
3558
6747
6149
9578
221
8204
6630
6595
9626
7706
9403
1142
5579
330
5061
354
9716
6289
1217
9159
9680
7720
309
3757
3194
3971
5018
7910
6270
1502
5908
2257
204
9320
7674
2000
77
8645
7490
397
9849
8335
1708
1080
6936
4349
5635
7284
9495
567
927
979
558
2984
1966
8303
3919
8724
4212
6619
7458
3132
4032
6009
31
9152
8722
3037
6379
2261
666
5569
9751
9623
2498
2026
8644
7184
1839
8315
9084
6314
2468
1354
4077
9697
7127
5376
7495
1485
8632
8516
169
9695
991
6650
6247
5881
8565
7527
30
6227
2822
5400
1051
139
5334
4260
2521
7116
7026
960
9673
3683
808
1426
7319
5438
185
6600
2778
2181
8381
4873
6012
6254
4872
876
5259
4636
6172
6759
9824
6823
5007
7083
4206
6706
5167
2815
2733
2601
6787
25
8423
3849
8915
5396
786
725
7771
6431
1824
1765
8795
6178
1715
6354
7075
2679
7749
2640
7438
4006
2439
6042
508
5104
1176
4405
2181
3633
3032
1198
26
1456
3998
6245
8382
2841
4567
718
5365
4925
3728
7749
9371
2135
9126
2642
6776
8883
363
7069
5187
6218
1372
2212
1461
6785
2657
2107
5184
7411
596
643
7264
1260
6565
4094
7728
3623
1102
5218
6223
9434
8019
7596
3764
1665
2444
711
9232
7448
1254
1661
6404
2333
6310
9372
5011
7813
2544
9709
8217
1293
4951
1618
8492
1044
5030
8877
705
5752
3486
1433
9682
2910
1265
867
863
7366
991
9720
5778
3630
78
8406
3304
502
8223
5131
2685
1171
7310
5363
3943
6104
5211
8368
5318
2482
4263
5866
9690
1987
7169
3978
5621
9441
8770
2609
8178
3824
1973
78
9991
5517
5227
3088
3959
2556
1501
5577
2715
8213
8324
1012
3026
7418
1142
5320
7126
77
6177
1356
6753
1535
2717
6573
7232
4876
1805
3359
2919
4837
2183
2993
7062
9566
1060
2516
4442
5081
5657
3133
7718
3122
9527
9624
4755
7261
2097
9839
3845
6701
3116
7132
897
2822
283
5884
5484
6197
5916
8516
4758
655
1836
920
9959
9527
6210
1754
2216
1108
2555
3167
5317
146
8066
2424
5345
6872
5315
5632
4250
5290
4464
4305
3583
719
675
3213
192
454
2613
665
1989
740
2430
9884
4962
7521
8046
9657
1673
7349
3643
2920
1984
9133
9820
4428
6244
3938
3158
6577
2126
4380
5573
6708
7669
9314
9821
4504
8948
293
4913
1718
8142
3774
1651
6084
6128
5733
2670
569
6901
5268
3793
7040
6431
2763
4940
8907
7525
8133
336
1194
7336
9803
3298
7501
2938
1911
3232
3110
2657
1196
7336
1842
8136
7652
6773
3129
9128
1946
4922
8164
6149
9
7460
4814
1755
2084
9547
158
1723
40
9450
8181
288
1295
6000
2563
8871
1030
4310
4254
2766
8705
369
9462
6588
3950
186
9266
1874
6775
1148
8831
128
8700
6989
2939
3291
2672
1265
9037
2766
7763
5452
5335
7470
352
5239
4334
9107
5639
4341
3337
4035
9502
3238
9561
5041
8996
2171
152
1126
3670
9194
2757
943
4917
4309
2750
5224
8471
3686
9119
9814
317
8414
3403
3147
2374
9615
3511
2518
6690
1430
399
7305
2026
2205
5380
1967
29
5359
3315
4189
1678
2877
6684
7624
1452
2001
5760
9512
9026
7442
540
3420
1472
759
2230
2126
7289
3695
1814
1064
6048
7105
119
1191
1388
3967
8414
2767
1811
1968
6458
6143
2678
4749
76
4438
314
5004
9817
8661
3943
6364
4461
3831
1444
2801
4611
8064
6162
785
4754
242
3095
9709
122
4853
9998
5028
3952
2535
14
7636
1926
3682
5848
1634
8958
4270
9957
605
1248
6791
5663
5790
7530
8224
6895
2738
2440
2391
119
2923
6100
1403
8128
5475
1599
3532
7559
9555
8305
529
5060
356
9470
5744
4267
9092
7610
2474
5286
1211
9950
7492
2227
2558
2954
7934
938
2819
7789
7085
354
1958
644
5595
6196
8524
8687
5778
7679
1526
8810
165
8286
4936
7947
7344
5543
5882
8567
5793
8726
9887
1530
8742
7273
2245
4966
3993
1437
1484
139
202
6425
1866
1433
795
8793
2558
5698
5154
1262
883
1059
90
5780
5144
1924
9579
8420
574
926
3435
843
6513
700
757
1739
9162
517
7129
2704
6756
8074
340
726
4735
843
7442
1097
1938
6047
6833
4812
9075
7203
3112
78
6027
7842
1319
6171
7702
2038
1537
4191
1625
5118
2599
2160
3591
1424
2231
2732
9013
353
9413
8480
316
3971
4600
266
5071
558
1001
434
750
4883
6199
165
3291
4012
1982
434
5003
3048
394
3305
2574
1542
1110
3439
5618
6687
8346
4263
6517
8681
9876
7742
9866
9705
3798
5446
6559
4696
3921
4758
4828
2762
3248
9775
526
1691
9832
1218
7252
7819
2766
9168
2906
6908
1978
546
8532
4633
9754
6491
2653
5561
7498
6634
6145
7956
3491
2228
584
6869
2401
8321
4501
6065
618
790
8141
1239
5372
3059
7963
2312
37
3678
2979
2793
361
5744
1589
1847
9360
2286
3157
1978
8590
4411
3417
2429
1831
7116
9219
4588
3794
1724
6160
2735
8829
9840
7199
3191
3490
8862
9382
2439
8824
1786
8274
2645
8573
5201
1085
5936
5299
9274
8885
787
2776
7625
1914
2315
2826
6902
1352
2774
1531
5629
7702
45
2562
5543
1118
2724
1314
1593
9726
6207
7134
3820
9390
5623
1165
2381
9284
8300
4331
1525
8580
9485
2993
8428
6140
7831
4021
6521
6527
987
9588
6302
8527
755
1728
7426
8432
5189
2053
5358
4251
1576
5440
4860
4817
7223
8770
6348
9953
3061
8449
9561
3340
208
2719
1804
3798
8520
8815
8431
2175
8962
2486
5605
1235
8648
2095
9768
5567
5043
2226
6019
4181
8604
8373
6434
2626
3119
2562
8998
2829
6433
1035
5885
6611
8035
8748
8337
6865
3879
7537
8768
2545
1075
8056
5468
8234
1300
199
531
5761
4149
8897
3346
9476
4528
7493
2054
1544
6388
4264
2291
1920
4584
7940
9449
9730
7151
8416
8675
8821
2732
5746
7346
9774
807
7442
6185
2363
4545
5665
6890
5679
4548
2442
4402
8831
1455
1288
6144
9884
1985
7209
9323
7202
5779
3633
8421
6384
9147
2370
9066
3578
2158
394
4270
6652
118
2333
2582
3503
8004
3348
5237
8800
152
1014
1850
2447
6975
711
648
1078
2268
1439
487
2923
1002
588
4649
8151
256
4570
8591
7624
4726
5361
5020
19
4535
496
3386
7502
9560
7801
3948
2030
2280
8845
1188
2028
4168
5337
8422
6445
7005
4145
9005
9298
2260
2668
7501
1725
2421
9520
9160
7878
5099
4224
5364
141
2531
1939
1853
8944
8115
4967
5079
9087
9661
6245
3511
8014
2675
7207
7075
2427
3373
7527
6470
2513
8121
666
4489
620
5619
2269
8287
5533
7894
7486
1983
4096
9985
1054
2375
1149
6365
486
2670
1580
2894
8536
9979
9581
5928
2519
7893
2278
420
1562
4539
1326
2643
9532
3413
1770
3842
6712
3546
4981
4286
9811
8003
5157
1882
7242
6640
4476
5263
4158
1674
3469
2756
7117
7352
1872
2846
2707
1382
2679
4601
7841
466
6626
3671
2221
7449
4463
4649
1753
883
422
6476
5560
4074
7876
3381
5982
1936
9719
9553
8248
4561
2138
4662
1165
5222
7072
3374
5059
7260
2662
7013
5732
8805
4644
80
4770
61
341
8544
9609
3536
9256
4920
6020
4522
229
7051
7763
1151
1940
6698
6411
252
6250
8669
1470
8781
565
4015
9325
4465
3611
1695
5148
8011
4814
1764
1221
2858
8930
7904
5807
3115
4850
3865
2175
7357
2544
7332
4688
4469
476
9027
7536
1348
663
9472
1067
518
4775
3994
4955
8379
4797
6256
2080
1067
2534
6875
2541
4966
2112
2513
1955
4059
381
8583
6402
5338
268
8839
6637
5978
2326
6051
9133
2431
9815
1944
1833
1287
2558
9094
5557
6372
7846
6783
7528
6559
7477
4590
5554
9195
4117
9563
7438
8103
2226
2604
772
440
3971
8061
4034
1527
4300
6611
1180
7302
499
5597
658
4777
3809
6124
1665
2259
9500
5701
6876
1438
819
645
7853
4799
2602
884
4950
889
8262
477
9821
5553
6571
1661
616
866
1940
7802
5045
6210
7394
4582
3277
277
7162
148
3513
3536
1624
8378
4981
7184
9704
9031
5653
3020
9270
183
4966
2584
2340
3317
3942
1084
6109
8176
3430
8277
3991
7745
94
1386
302
7692
8738
7137
7215
7253
5492
5219
1202
2053
5546
9181
12
6461
7634
4313
6483
4106
9571
1724
2579
2185
4294
1121
5744
6317
2836
3638
6237
5584
1553
5973
6909
3894
1098
4775
73
7320
8923
6004
7569
1375
5588
4573
1894
4510
6637
5581
1719
1173
5863
6909
8602
3012
7893
3432
9294
3901
6971
7967
430
1486
7109
637
8953
4029
492
6509
576
1252
4821
8267
7951
2863
9898
4408
1471
4707
2428
178
4811
82
4249
2339
466
8908
6987
6073
1853
1688
50
4038
7058
6643
1379
9721
1592
6344
368
189
7835
5442
3898
1904
1922
8750
6580
7030
6367
7907
1706
3439
3479
8630
8449
7814
8035
5081
2449
8012
246
5077
9601
8533
880
3272
5906
1249
5107
6496
7487
6493
6932
2841
5490
491
6947
7603
9818
9151
2942
4919
860
9916
2259
2027
5496
431
4373
2229
382
1897
9809
4109
8161
2659
2626
4613
1930
3533
2129
4781
3615
7
1681
4658
4166
6820
74
8167
1573
2012
6292
1415
3212
7841
1878
1193
197
8420
4048
9301
3818
664
9302
695
9880
8760
1758
4930
9315
5797
4876
6134
2139
4306
7403
5892
8653
131
6239
3825
7116
755
3016
250
9009
4662
9882
7848
6209
7310
5899
1812
4414
8162
2605
2460
1153
3707
9244
6741
5926
945
8986
2900
1448
9638
8154
7032
4607
1649
5497
5370
5031
7822
1219
9145
9892
2579
6165
9423
4962
8230
1967
6295
1825
7453
3181
595
2753
1046
7558
9129
8250
2169
9684
2062
6016
8011
6725
5126
4613
9044
257
8234
4447
1251
4974
235
2731
7472
6816
7990
8434
2370
3028
7545
1564
819
7919
4773
7698
544
5139
3892
8008
3573
7314
781
858
5337
182
5477
8182
9206
815
5256
571
1916
7086
3289
8560
1669
9203
262
1913
4828
6898
8608
9909
6986
4987
1001
2315
4177
4698
4927
5543
8477
108
8088
1535
4824
1555
4414
7290
2701
2587
1149
3619
751
4638
794
5339
9483
4117
7591
9533
9690
7361
6324
8998
6668
1513
8232
9013
146
2148
6081
6431
6650
5881
424
2453
5280
5381
2056
2538
7619
7805
800
2656
2598
677
727
723
1672
4704
1504
440
7718
4168
4094
3431
7023
1441
7290
742
3321
441
530
7640
2610
3107
6100
3031
5577
9396
1244
4221
2958
4893
6506
7289
1288
2522
3160
992
8213
9226
5402
4322
1431
4113
5270
1966
1661
1066
870
1000
3103
5729
4172
3067
1791
9840
3605
5994
2956
1144
4145
7867
9704
6322
9666
4902
1788
694
3652
426
8299
5532
92
9713
7253
7186
2531
5829
1709
7341
149
9363
7260
8435
2228
9071
7143
9257
1603
152
7487
1368
3952
4861
8056
7989
4625
1728
7436
9985
8787
7466
7568
7662
1023
159
8904
4884
6814
7635
902
2338
9870
3182
3625
7721
8181
6172
9764
2421
5093
2088
6539
2317
9345
1818
1894
2606
7599
1774
6095
3923
6174
1943
3646
936
3818
819
2935
2974
78
6929
6034
4945
4954
3121
8396
8713
997
1819
8268
5518
9252
4466
5849
4976
2795
3978
7082
6309
2211
5128
3997
4772
4445
8921
7836
4097
3206
1862
1500
7658
2540
8486
7576
242
7728
5924
5071
812
6204
7619
2185
1546
9431
495
9519
1830
7799
7349
8700
2050
6726
9654
7438
6299
487
2088
3425
8243
6859
6766
5118
4942
976
5706
9680
4589
5161
3344
8280
9386
355
412
3026
9699
87
1158
3415
4106
6108
1028
8276
668
6815
3761
1082
8241
517
365
151
9588
4320
9558
6070
4035
7649
1685
8482
537
1629
5980
4417
6842
8258
5662
1519
3215
5851
9055
4536
1763
8803
6574
6554
8124
5559
7472
6889
4606
3471
9600
9733
9469
9774
339
538
2881
8615
9216
2102
223
6147
4976
6545
3254
5744
1298
7608
5991
3228
1795
5481
6264
4147
8012
726
2730
7909
5820
5188
8138
9308
1495
7571
8805
348
2527
2003
6464
955
2482
5109
903
2371
2020
2255
1268
5206
2175
4916
9810
1666
7529
6148
7810
5269
757
2736
3454
6226
4379
9137
7549
4548
1292
8281
1942
9507
1777
2313
2968
2773
3668
2981
4953
4134
9345
7509
3965
1755
4542
1821
506
2484
6025
2032
5337
8016
7153
8208
8848
278
4807
1961
3054
3968
86
8463
38
890
897
613
2080
428
8044
1487
9868
4372
5263
5562
8697
7064
2646
379
7333
8875
9291
1461
6517
2029
6472
6447
9815
7240
2072
2485
1910
600
8670
1165
2143
1082
2168
7181
2225
6841
1652
76
2730
6197
8628
806
8784
1061
9359
1860
4668
6974
8184
8363
6062
5204
451
4275
7917
6160
8916
5131
6269
1267
7530
5883
5191
235
9485
6827
3331
7651
3620
9106
6809
2895
1610
4929
9049
4697
4481
6753
3703
2022
1335
2266
6347
9228
4985
2197
7064
3495
4165
4389
859
6586
1316
1329
5702
1444
8984
5493
4062
7827
6610
1995
9426
4093
6920
7987
8589
2716
277
4762
9054
4970
689
7226
2326
4046
130
9934
3521
341
4419
345
6376
9892
1604
8200
8086
5213
5650
9189
1818
7825
3608
4765
3021
2357
7814
7332
9700
5352
402
2039
4920
3107
4269
8435
6613
6161
5639
6421
1439
7969
5124
3153
9484
1082
2433
3638
6333
1151
7778
6753
8270
9124
1134
6498
3457
7664
6397
1452
3414
2162
3744
6721
623
1128
5107
3917
1633
4798
959
7041
92
2292
9506
1332
8350
1076
9235
8469
7861
1810
1440
2627
5524
6997
6026
7184
3416
6325
9780
3364
571
2660
7816
622
601
6674
5083
1760
3009
8508
6930
6396
8334
8326
1332
6233
5415
1817
7138
1035
9668
4381
8789
1314
8258
7739
8662
497
3464
364
1156
9986
9675
8454
9825
312
9951
6489
3854
5653
7871
8564
6856
1069
2910
6798
451
6506
9087
3506
8199
594
8339
7929
9752
5686
6049
5902
5274
396
6522
3679
1491
2767
6269
3872
9443
501
5048
4724
7155
2114
4849
2798
8202
8556
1220
308
4486
1934
3742
134
1401
5616
6649
1694
337
8679
1048
9832
1788
1753
630
7571
603
8756
1866
9801
4967
3423
1230
172
1266
3265
8544
65
8128
3872
4712
3329
9909
2365
795
6718
2656
9327
1424
6787
9864
3293
1377
3359
6598
8656
4484
7987
8852
599
9482
2617
9924
525
7879
1800
244
1288
7828
246
7952
179
5490
3277
8201
7711
7632
3761
4804
3094
2910
4496
2662
6432
5586
9643
6719
1641
827
5509
1604
3778
3637
2489
9234
4166
5037
3217
4224
3969
7541
5940
1460
924
8009
2207
9688
6252
371
1096
382
8572
8172
750
1906
6760
7573
7333
4400
3228
5829
897
8613
6603
4819
3377
7514
8692
5094
9902
2190
1922
1258
1844
1059
7700
7383
1280
9708
9100
6637
4042
6086
8331
4930
3349
4085
4077
8896
3333
3279
7921
5240
4016
9103
2988
5019
4728
6307
430
8331
7512
9831
8597
9597
8141
1621
6849
2770
7367
2445
200
2790
8944
5538
1386
488
5804
693
1015
5387
3874
6694
8368
2701
442
1144
4140
4966
9783
4085
9388
1843
6343
9986
273
836
8808
7715
8396
9522
3677
9858
6326
3926
3170
4828
1505
2805
7964
9308
4735
1616
7909
4909
1969
6972
2086
8890
2403
9660
2805
9016
7558
8920
4098
503
1598
8600
540
8068
7117
7041
9130
9987
7087
9412
647
8667
6136
2195
7085
818
1835
6421
949
7883
8109
9164
1037
8732
7417
4533
9083
7893
612
9664
354
9774
1748
8641
4898
5569
8701
8150
8981
5880
7692
1817
5255
7000
7479
5784
598
2190
5140
9076
6763
6968
4314
2743
6790
8679
7189
2057
4929
8275
6206
6532
2094
5040
1034
2054
626
8336
818
5256
1430
2202
3411
5213
5740
1161
5878
9661
575
9864
4147
3123
142
5980
8401
4595
3482
1746
7025
3439
4910
811
1213
5404
6479
8548
2602
7601
8563
347
3125
8656
9319
8624
5118
712
8027
2184
9198
3962
961
4664
5646
9146
6903
128
9099
5657
9889
7029
3365
1393
154
4147
6183
8976
2540
8627
6892
3848
2270
3578
8959
8230
7357
898
2051
7090
7375
797
1749
9478
8644
5190
2031
2627
3885
2619
4350
7521
9426
6936
2711
9061
4510
1093
9189
599
6718
4148
5478
9796
6330
4163
871
4514
3203
5321
5212
2930
62
1887
1524
6587
6847
587
2989
1621
1722
9749
1316
6898
8453
4420
1632
9396
1154
5849
6448
443
92
63
1
1485
4656
9632
628
395
846
8732
9504
18
7856
7270
1268
783
7275
8847
4879
7383
6531
5815
6372
2854
2435
208
2296
1318
1517
614
8926
4866
1151
9100
2165
8155
6648
2745
9216
1115
2761
6819
7126
4408
9086
2922
171
987
5199
7432
3055
2674
994
9271
5110
2339
1476
6645
2471
5250
2520
676
4040
7045
255
4532
2043
6085
7193
4884
1298
2568
4986
7510
8648
5357
7568
2820
1107
7399
8836
960
4004
1758
511
2736
6801
9122
1391
8313
2758
7585
411
4859
5655
2507
3475
1246
2537
4757
3275
5435
1826
4699
6505
350
4701
1929
3677
4026
1698
6411
1041
3518
7046
2099
5345
8519
8239
3163
1565
8646
6587
3452
6925
5075
2386
7438
452
3602
9384
5153
4599
2405
8359
6412
944
9890
8749
851
6046
4375
6018
1230
2079
811
4333
8200
177
5862
1591
1238
7094
1620
7456
7785
4822
1237
3760
372
3769
345
8385
2530
4661
6267
5979
658
6564
6763
9856
1429
4330
7552
7354
5722
4086
6318
849
535
4551
3700
2081
5242
2177
4521
7227
416
655
9113
4059
4967
3419
2458
3706
5343
7980
6116
1749
5511
9039
2144
2686
629
6442
9711
2674
565
6605
6831
7178
1078
7962
2362
3077
4960
3958
2415
598
3755
2000
2469
1242
9997
1265
7005
9581
3554
101
1816
877
9697
1449
3289
6431
2460
9621
3931
6465
2632
9357
6918
1200
542
2002
7407
7163
2529
8686
6445
2328
3408
4688
6467
2485
6591
9348
7131
5841
1393
4823
6319
6092
4297
5978
2462
4188
6898
1060
2989
1361
2842
3933
9996
4700
8374
5448
251
1675
5203
17
1068
5544
3721
8344
3194
6948
3764
6044
987
5150
3526
9739
7810
3800
9975
521
776
6347
8190
4511
1052
1977
2773
6566
24
1220
2760
1940
310
7630
8126
1782
8515
672
3308
8079
7203
7471
2886
976
5573
3003
4423
6233
4168
9626
818
4846
9886
1669
6554
7517
4752
449
3583
895
8738
5441
8922
605
1161
2490
3260
2454
4330
6503
6754
5566
1669
1646
443
4568
2897
498
1756
8408
1897
5642
7732
7826
9224
3443
940
3111
2113
1521
9858
737
6723
4876
9750
3292
539
5704
3219
9608
138
4661
146
732
5000
5209
5276
2958
3816
6026
7471
9696
9966
1441
2275
6813
4303
6091
4573
8116
6392
226
228
9012
2338
7099
7938
9481
3108
8705
8508
6533
8105
6834
1078
7298
9764
4184
9649
4151
9729
9115
3943
6250
7038
1989
2824
2726
3946
9639
3877
381
9468
5274
6749
8815
4487
5288
2151
3067
8765
1067
6447
5620
8178
3078
340
7240
5458
2739
9874
3566
2581
9357
6123
6318
401
7008
3947
2198
289
5869
2316
8777
5686
4594
1063
7882
8155
5449
9788
42
493
9888
2244
9438
6378
3513
2997
3557
5737
2563
2918
4025
4859
9177
2164
5331
5344
968
7028
3732
7709
3239
6553
7665
9084
8098
9928
1358
1637
9192
9755
1887
4812
5943
6227
2427
2043
1091
8385
3042
6721
9022
8103
224
5131
6597
3418
3586
3010
3719
8570
473
7733
7500
7526
3501
2328
3843
7994
6259
1005
8188
9690
1106
1331
1991
6611
6434
5052
4365
3504
7974
1459
3934
2635
4268
5277
6938
6580
1331
2543
2628
199
204
1361
4467
2137
2692
546
2939
2259
9776
8412
9709
5970
6762
7657
7242
1198
3484
5829
4717
7929
4426
4390
1097
539
5669
2186
9424
476
2605
4480
1511
8657
6422
5674
1094
1563
8206
8560
1876
4844
3742
1017
3858
9243
640
22
119
138
4704
879
9132
1670
2261
2418
761
4798
1346
1593
7808
9272
8008
6284
3399
8577
6191
6599
1628
2948
4036
2588
1893
220
7397
364
3573
3357
3851
7122
2726
9776
1399
4481
1891
6237
9600
2144
2388
6910
7324
9778
1440
7569
861
2347
7774
1407
9518
2304
5917
4939
2430
1310
3445
749
1852
237
4621
3663
228
1814
1919
503
2280
6995
8408
183
2819
6023
4660
4561
5338
798
5274
8703
3812
6757
3331
4786
1051
9805
9409
2154
9428
4796
3438
3909
5627
7733
1138
2555
162
6649
1002
601
7932
9326
8629
2492
7621
7279
5472
2257
3461
324
7092
282
2228
531
7982
404
7312
3895
4848
6247
9324
8352
5223
9533
7419
8795
4556
7319
2302
1108
2495
700
3579
2921
6400
3651
9663
4993
6400
7924
2708
9036
7512
1418
8038
8844
3319
7835
530
5445
6114
2075
7441
5905
4136
2573
7796
1608
1908
588
9088
8830
5366
2089
7388
2540
99
8422
1160
6244
3772
6307
3200
927
7213
4422
1425
9337
1223
4544
9276
5872
7152
3230
5657
3848
4728
3101
1965
3203
5824
5426
1215
5919
7799
8408
6631
9024
6469
4763
8121
6736
7595
37
769
532
8010
5879
3598
1041
6180
347
9524
7134
1968
343
8572
2732
5233
6309
5311
3924
6233
6400
404
9871
7194
2881
1526
8220
5086
443
4809
1869
7095
9636
350
1235
9017
8341
9557
2684
2967
180
194
4505
171
16
7347
5573
5866
9740
5090
1891
6968
9584
9398
647
7399
9388
8622
2056
5590
8126
977
3972
3480
9670
1519
8661
4945
8632
2557
2690
2808
8562
6543
9337
9738
2047
1398
6779
3292
1595
8732
1305
3619
7016
1966
9598
1479
4160
7418
8540
5989
5820
8472
5068
1636
3668
6798
48
3338
9544
4110
876
608
6206
9539
7988
5939
8813
3932
455
6157
6890
5544
1373
2915
2241
5667
540
4480
1318
2048
7921
4355
9196
1863
1342
8436
9206
5040
415
4572
8140
5057
2289
3253
5105
3717
2900
2416
3122
3646
7632
9558
1297
2236
5687
1649
3075
6318
4218
5132
1798
4056
4830
4360
8199
6742
8672
4432
1748
8048
5319
1855
1917
8958
7833
6849
3440
4862
2593
7335
6518
8564
6271
2271
72
5697
7312
2212
533
759
2767
4145
7192
9627
3372
9740
4278
2492
7100
7696
1877
2260
6402
9531
948
3164
9181
3946
8982
9557
7825
2770
7584
6660
1258
7825
1894
9150
8159
2595
9905
6853
3555
5913
4212
4049
2034
2599
7615
2290
6362
4445
8067
1524
3079
937
5734
6052
3860
6314
1850
2867
974
856
874
8009
4411
8962
9492
1532
3452
2552
9677
3488
5343
6811
4689
1089
1544
2337
4362
2031
352
5645
8372
8793
3614
6079
5518
9790
1862
2168
51
6191
2191
1024
4138
5401
7242
2108
3482
882
6191
1274
5378
578
3818
2430
40
3620
1478
9490
4945
4172
8200
8714
5969
2731
4048
2262
9347
2033
2876
1707
6714
3874
7709
6612
7705
5421
5421
133
7904
2649
5457
2481
1272
6288
7132
4812
2338
9153
1957
9123
5754
2192
4890
282
1922
8337
8196
2390
1164
6997
5212
1581
7319
2132
5999
5483
2334
1212
1550
6199
8078
5224
873
2725
2055
8117
4830
7980
3236
2609
876
7434
222
596
636
663
9646
3556
1490
9432
258
4387
2417
7653
2466
1820
2685
6637
291
3103
693
8840
2747
3336
2608
4158
7766
3510
8918
6870
2281
6315
2211
689
9445
9376
9816
456
4911
971
4371
4722
3581
7699
2192
2235
643
6739
96
3602
5342
9053
2072
1346
241
1889
6909
4532
3343
2014
5567
1170
1368
8
6019
7982
4327
7851
966
5636
6907
7807
3358
6894
5125
1452
9171
9623
2689
9792
4942
1042
9993
4207
3537
3452
2310
426
7800
1663
3528
355
5102
7016
3048
2527
7363
4011
1740
8061
620
6933
8875
5927
5515
2947
2081
8423
7681
7793
1797
1292
8945
917
2714
3036
6471
6878
1987
5900
5385
3431
9034
126
317
2528
6690
2890
4619
3535
59
1376
8404
1522
7479
7372
1219
5480
8683
715
3443
9473
9047
1726
9905
6324
9018
5501
5347
4256
1263
9902
313
1620
6541
5638
931
6738
9550
286
2244
9681
861
4649
1941
8563
6198
3286
8621
1623
2361
7617
4639
8304
639
7919
6165
7653
384
8122
2636
8506
3412
4201
3775
5310
9768
4995
824
3431
6772
3013
8005
2875
5531
2995
248
3664
9170
7756
4721
9639
4820
3281
6383
2676
2357
5174
6613
8129
4262
138
6666
7924
7896
9668
3044
878
8405
7327
3573
2837
315
6775
1910
4676
8650
852
2035
6113
113
6742
7064
7856
6500
4578
7947
7430
3408
5133
6217
9345
5138
2885
997
5558
997
4584
3166
1370
8106
15
6913
4405
5565
7451
8351
1172
3541
8148
2945
2718
6172
3614
8200
202
1040
9404
1065
3855
9818
9609
490
2955
3469
421
6118
6440
9649
172
5271
1596
1568
4238
8277
1264
256
2794
6729
2355
7795
5836
2775
1200
1307
6377
5068
3437
4658
9449
6100
5221
2729
5060
2719
3449
5679
592
9444
9282
7604
6762
8263
7498
4687
9426
2023
4060
8941
7964
9755
7209
4971
5892
3791
1261
4598
3218
4073
7153
1232
7422
8641
8482
6710
2582
7808
913
5232
6734
9784
9244
2040
9319
7124
5086
399
1571
9441
4355
2364
9992
686
4158
134
1315
2416
1822
244
1423
6009
1006
1683
7062
5673
2572
376
3446
2902
1037
8791
4280
8408
6239
9715
2989
152
431
2071
9386
5979
5691
852
1622
4393
3386
7084
1666
2002
2715
3103
1224
3907
5788
131
7590
9413
8413
233
797
3992
4036
7293
1381
3518
3857
2511
324
650
740
112
911
2315
8062
7087
9168
2452
6214
1125
3688
62
6829
7613
1958
9647
9588
504
7561
701
5068
3439
5187
4846
4029
411
4446
3010
4908
7426
5747
3539
519
898
6905
7755
7907
1635
4651
3591
1256
6296
1758
2107
9658
7799
5905
118
6092
4393
8245
71
9120
3972
4575
8080
2434
3783
1979
3402
1414
6581
8323
1514
2639
5077
7457
4066
9186
185
1970
8779
2729
5375
203
9505
4220
3877
4448
3823
1821
432
242
4989
835
925
8793
1319
6266
7321
2435
6448
4617
7215
7292
2279
7268
3729
5374
7177
1234
777
2426
5063
450
9872
7144
3321
2746
2878
9148
4274
6128
8755
9641
5382
2460
6821
7850
5498
5373
9675
3599
828
2204
1690
9301
691
2942
7742
2793
2711
3677
6571
9198
35
7065
5572
1725
7082
1147
6956
8972
1064
3963
2699
3554
2571
2691
8227
6394
7634
2435
8227
5974
3844
1078
4716
7334
1076
1029
1203
4570
7684
7050
5846
8404
4600
2520
1459
1345
5708
4553
6149
1993
1560
3112
7103
116
4803
6672
2366
3712
2518
2964
9099
6625
802
129
6126
2856
9380
2961
2473
2120
7112
3873
2004
5268
5741
662
788
2732
3816
75
2850
9226
9210
1421
8313
1256
2790
1531
8816
3733
1022
840
9913
872
8397
9156
3640
3667
1019
8538
3112
2347
1868
5883
3563
5191
2682
2634
8321
5336
2948
8505
4571
3560
8007
5108
4175
9925
5868
844
2271
3328
7330
4472
7029
593
3022
2711
4562
510
1328
7624
4488
4252
823
5726
1396
8213
6264
2414
2016
2394
1579
5387
6711
8059
5254
3220
1275
4564
1374
172
5315
8474
7867
6170
5545
7623
2460
9026
6852
3234
9579
2916
5632
4019
5938
6339
4263
9013
7869
6809
1338
8173
7874
7177
1488
7658
1567
2101
9395
7405
2499
5985
118
9787
3440
2775
4827
8656
2495
1085
8053
1863
9428
2708
5386
7159
2707
8802
6043
2448
3892
995
2791
5191
8627
2315
1772
1933
5339
9231
5359
7239
435
9508
9503
826
2633
9496
213
7573
4767
8320
830
1059
5076
898
5788
7441
9716
8948
7434
2477
2338
212
6078
9760
1397
1225
8324
3406
1040
2154
1961
2811
4999
8414
341
9791
1807
4371
3005
349
3381
1075
5735
2897
5730
8676
383
9656
3549
9055
5322
6005
8993
5300
6873
1985
6832
5243
8720
3698
6457
1246
9031
4960
8470
2357
8465
1220
3401
5506
4316
5681
2136
7214
5672
6855
2214
2836
6987
2389
9412
7853
3412
1808
184
4395
7886
4690
3581
3225
8424
1844
4379
2483
1299
7246
7289
9139
987
8126
5935
2139
2921
8824
6225
1050
1433
1518
3129
8536
3848
9712
4979
6052
528
3301
8320
4001
566
26
1683
2172
8019
4282
6448
1905
1603
7023
7590
9614
1211
2632
2938
8040
7406
523
3302
573
625
5645
7618
8234
9021
9488
4850
8046
6149
6844
6351
8990
2329
8401
3643
6602
3211
4860
4847
1152
4912
5433
9671
16
9256
7031
1249
2576
9553
850
2417
8528
7049
8173
8137
9985
995
3374
7783
2977
6573
5134
7775
5994
9327
5713
587
4717
7590
9299
5072
7464
6001
9108
3523
1328
364
2726
6556
6251
5419
5364
7850
1340
8553
4373
3222
7444
5299
1281
2236
6439
5982
6579
9400
2782
4752
7184
8877
1163
8797
727
3164
8146
1152
1241
3299
3749
429
1291
9556
1328
7028
5113
5271
183
3641
7998
6418
4333
658
1377
824
4935
9217
5922
1345
2720
7763
3526
6265
8110
664
9679
5706
3332
7075
511
8382
1161
4932
1710
7023
3977
7908
3243
4514
4379
3169
3599
117
7203
5611
8392
1396
5257
2398
852
7042
3705
721
9244
2965
5868
9374
4100
5363
8760
291
9392
1244
4963
4473
7608
3512
4893
323
8383
3411
3535
3112
6977
4485
974
3589
2540
7655
5109
605
928
7699
4770
5794
7097
3355
6735
7929
1037
5341
5764
7752
1377
7894
1931
4771
17
9652
5908
8040
7424
5648
5402
7336
7500
5772
630
3367
597
8537
4179
5733
5887
7837
7777
1118
3639
8738
4990
2751
483
9394
2978
3450
3756
7426
9129
9436
9072
9389
6150
3564
1043
7379
2486
6519
247
8001
6755
1386
2060
7139
5835
4799
7337
8054
1888
797
3675
115
8593
9849
7069
4585
168
113
9305
6939
4533
1658
622
7210
348
8135
3715
1683
970
7534
6635
8508
7229
8358
8521
3483
5429
2708
4293
6729
7398
3206
5807
2645
4719
3119
68
1291
1632
900
1824
2150
8103
9750
6851
5379
1596
1729
8166
1337
1790
8532
1023
710
8301
3731
1523
7291
7529
3946
412
8315
4667
2690
4123
8416
2530
1576
624
431
2801
4316
1671
8477
9016
2680
5653
5009
7519
1362
2612
508
2330
3859
2412
8566
1817
1225
1939
5211
5919
889
2293
7814
6886
633
2039
9213
7633
6590
2824
9005
9171
6529
1929
3799
126
6231
4031
7755
4109
1713
7367
5828
886
7441
4441
3813
2458
527
6128
5282
5296
3803
105
8001
81
8851
8457
3746
9317
4647
5396
9022
9069
5211
7772
156
9042
6845
9159
5818
191
4504
2692
5321
6042
8328
5391
4265
9433
7294
1475
776
642
9766
2495
501
3107
664
3308
7657
4388
7356
8942
1337
6425
2306
7097
981
7053
544
7318
1940
187
2957
8181
2244
7294
7918
6485
8284
5852
1454
4691
6357
5086
9284
1680
7481
5956
9199
7542
746
567
8677
1467
1814
5230
5725
6055
2169
4661
6777
7731
7715
8587
6265
1682
8476
3354
8267
2516
310
7661
4439
9673
6386
3741
9675
8355
1653
380
2482
5903
8044
7558
458
1158
701
7845
4885
2894
9312
1588
9040
1494
9743
5477
2355
9299
8362
2151
1017
9524
2557
5330
3649
2412
4918
3702
8915
9553
6273
2035
5575
1393
439
4281
2434
8069
7719
6692
7938
5816
2163
9536
1485
9881
7934
1011
3429
8159
3172
827
158
4348
555
3237
5219
7158
4633
2976
7334
5250
678
1106
5047
5265
1283
3337
8391
6896
8667
7028
1772
9579
4633
1123
615
6034
8282
6476
7653
1950
1108
2976
5876
9541
3143
285
9559
3644
6212
7093
7610
4525
4747
8911
6201
8106
9161
9308
8303
2512
8193
9709
7547
7199
3098
947
824
505
7322
4920
4700
2617
4530
6940
9633
2294
9706
9282
3043
936
1725
2492
3081
6635
1673
4067
311
449
2976
8764
8963
4429
418
5655
6855
5485
8095
5594
8854
1255
2135
3294
210
7592
8260
9209
6318
1672
2939
4796
3552
3586
7407
364
3897
8243
2422
3558
151
7697
5168
6415
5051
4030
6613
6923
1095
2269
9855
8095
3802
8116
5880
8616
4095
866
8516
1021
402
4147
8850
2530
4933
7169
4719
47
867
5118
9580
4433
3
9664
6802
7263
6366
5644
7523
95
4868
3638
2
2394
5420
1095
6725
7965
5003
224
1209
2834
4247
9134
3992
1022
8076
8286
6519
1164
9918
8739
5203
6570
5649
1030
5869
7219
5062
2702
2738
125
7046
6704
8160
5491
3043
4840
1686
4021
317
6169
1948
1551
5331
2385
5459
6103
7067
97
2590
7019
6564
9691
2961
8219
3305
1964
57
4178
1177
8813
2396
2027
9701
9605
7042
6994
3897
5873
5556
7832
6158
2998
3268
523
719
7061
3662
4742
267
8481
2413
7364
6971
3198
4304
4923
8997
8122
3982
9718
9872
2224
7177
9187
1944
7034
7359
9567
7556
6423
1974
7743
150
1566
9097
5088
899
9266
7854
6737
9236
5878
2395
3935
4124
7427
9528
593
4715
7255
1957
166
3123
8592
1071
2284
1625
3642
3984
1250
5949
2293
6821
4928
1421
8218
3060
9797
407
1439
6765
6417
9806
217
8640
2149
4431
2418
8399
9207
1189
2604
6917
2762
6329
8213
6920
3134
7022
8939
8715
7603
4428
4993
7592
1700
2299
322
4012
2882
7203
1733
738
4782
2081
1522
5876
9404
3884
85
7839
340
7881
2896
7031
5034
7244
3254
7035
8080
8992
9621
282
635
5161
675
9559
2131
9383
9037
3897
7327
1598
4635
3429
4593
3828
4232
4064
2317
3595
2513
4239
3632
8528
6188
7394
9886
5970
1595
2577
4604
8823
1713
1573
6032
5435
1828
8538
4198
779
1012
5427
4260
3489
346
735
6976
5392
7652
7323
6720
2563
1969
2840
9859
2833
8792
4494
4974
500
4686
785
249
2074
9495
707
4235
427
2188
3658
3171
557
9454
9939
7865
6196
5402
167
1429
7549
6574
9469
9358
9373
2587
2193
4325
2006
5275
51
7171
3946
2452
6675
5391
275
8270
4428
2133
434
9058
2894
2692
4294
8596
5696
4935
2623
9282
9781
9206
2579
6813
5711
4493
497
7607
8626
702
453
6765
4410
9795
6236
3928
5807
3238
1992
7135
1944
5828
8101
2687
3694
3695
6301
8157
3426
5316
8026
3339
5410
5469
9802
5209
6488
71
295
8750
1779
5494
5159
9879
378
2615
3489
2784
7054
5366
6226
673
9392
2338
1199
2426
7891
5486
9628
4418
786
7001
8316
9100
1733
5440
6201
2395
864
483
7175
4072
4605
8037
3540
2257
460
2919
8643
2868
5367
648
9017
29
4299
1734
9847
3340
2323
200
1593
1914
6823
9967
8990
7198
5670
4409
8570
1723
3136
7640
5736
1804
6135
499
1748
5330
5782
3372
2520
9901
707
3554
9605
1834
2193
6695
4820
6828
7145
37
5485
8974
282
3404
664
1208
8526
6031
9667
5872
8991
1600
163
7586
7641
7881
206
4323
2706
4156
5529
9779
4648
4157
1501
9281
1690
7423
6479
7235
8586
5564
560
6646
2369
5722
7378
9347
3844
6794
8221
8547
3813
7170
9761
8932
2012
781
8076
7180
8984
1905
4270
269
3776
2594
9722
1050
2175
3333
304
777
7888
7415
5882
8073
2918
9007
1684
8934
1248
3250
7231
8939
2682
5606
6183
760
9911
2632
484
8404
4830
2466
6622
6548
7987
7367
2485
2380
1655
289
2431
8309
2370
9053
947
9120
6992
101
7861
3002
6442
7551
1203
7265
9303
1844
1744
5398
2547
2467
9599
755
4622
5366
3891
1199
487
4278
5044
1231
603
7835
3044
864
8201
9542
2290
9442
8280
9523
1471
6455
139
4681
7839
3068
2611
1108
8339
2583
9974
3845
789
3554
9663
2119
9731
4215
5030
4725
3087
429
882
3035
5750
6881
1020
778
4112
2488
8469
7009
1496
6068
1898
2456
9116
5845
5703
3998
2983
8386
7258
6997
8157
8841
954
6220
151
4691
1448
5710
2112
7211
9588
1097
6510
3905
5315
7490
5957
4426
5103
1510
6505
1562
6288
7060
5746
4420
1370
8634
581
128
5542
6685
2849
5215
886
2077
1815
4668
115
7064
813
916
9673
7517
6404
9655
1654
4
7801
3519
959
3964
185
4528
3955
1973
9945
3104
9332
6816
5621
5929
6515
500
1975
2301
9851
8850
5434
826
9185
1450
6623
6366
2090
5935
6096
6492
2846
5945
8356
751
204
6218
6882
1199
1629
6276
9897
2
7933
2328
3247
2388
7944
7169
8616
5210
1329
9379
682
8948
2889
1598
4014
4945
9182
1976
9674
4183
3314
6841
605
899
2238
4872
4986
7982
8278
1879
5289
4241
6286
2635
954
2442
2605
9950
7356
5615
6801
8488
8509
530
1540
1371
658
758
2990
478
8041
7137
8026
8749
6269
9763
5085
2974
9083
3158
7252
6295
7314
3206
2126
7183
5824
9202
9355
466
9819
6212
1906
217
3292
6174
7689
9161
8499
5
9712
5498
9991
7170
6959
555
5805
1398
6466
21
571
2414
4145
7101
3133
840
117
1869
8359
3189
360
3173
5292
5184
6445
2286
1759
9421
5504
1728
9912
8837
8014
309
2202
737
8936
5053
5634
6421
6564
7491
8738
1615
629
239
1407
3808
4620
7342
8648
9563
1103
5359
104
7275
2681
4399
2990
154
6929
1432
9851
7199
7952
9093
939
8935
3325
6793
9223
935
4187
545
5226
5729
4454
8951
2307
5334
9690
2392
9131
8123
7605
7144
2088
8254
7038
2709
3952
1195
7221
697
3698
1594
9276
3556
353
3035
5575
8697
3235
2069
3376
9095
9561
9899
5614
4844
1968
2433
775
565
5672
3309
900
4249
2273
6609
2868
5350
1199
7240
2179
4779
8342
6783
1436
1849
6950
6182
3373
9284
1373
743
9562
6734
3625
1142
5717
9589
8029
4841
5788
4620
8182
2506
9171
5224
5966
2923
452
4140
4705
5930
916
1767
4942
245
5271
3035
2352
8927
6023
4370
7774
1668
7873
9036
4416
6649
4145
460
9635
8856
6800
3764
9998
9434
74
8686
4438
3269
9765
5645
1263
1241
5854
883
7860
4325
4086
9236
3305
6463
3374
906
3614
2276
7598
2491
4055
1021
3596
328
4666
9027
43
887
1272
756
7346
1620
6000
1975
4943
4579
8321
2860
9963
3112
5726
4087
5344
5179
4439
4158
280
3142
6037
9329
3256
1105
9781
7962
77
6593
9738
3701
9750
9164
5580
5009
8034
1072
9397
2695
7051
5940
142
6812
6755
575
5909
2850
6205
3112
2738
9251
5984
925
922
2304
5223
5336
1188
1351
7373
3327
7434
2243
3239
7147
3314
905
2498
9691
413
6272
9616
5642
1648
9296
8588
990
1745
3263
758
4499
2004
3623
1963
9703
1191
12
1876
9319
5754
5244
5347
6362
147
9512
8601
908
5521
1795
8875
190
8032
1176
7558
1580
2877
6689
2832
3839
3610
693
4481
1716
7763
9329
3011
2220
194
3978
214
9174
3312
34
7175
9898
702
6922
7009
2967
5603
135
4148
3648
8278
3064
5493
5330
6222
4470
2935
5273
5079
9837
8089
7427
1289
3066
9999
2357
5556
2293
2469
237
1582
6289
3809
967
3425
4146
409
2292
6542
6862
309
1208
374
6919
4966
3219
9195
8296
2887
8739
1234
5342
3683
9672
5580
6169
7111
1288
6405
4067
9498
1523
7868
7520
5050
4970
4148
4647
9368
4299
7515
6480
2663
6848
5049
3214
4448
5257
1659
8463
9994
7751
5889
6721
5833
1243
4916
4615
3540
5790
5069
6668
1851
9570
130
808
2937
9065
209
145
4150
9157
8978
9204
8129
143
7303
8980
2108
667
6904
9906
2103
9724
7133
669
498
6917
7003
7324
7325
8240
8147
8490
5315
9057
3143
8944
1126
7085
7678
3386
4716
712
7578
1587
331
3501
5336
6738
4737
658
2264
4969
375
1066
9022
3211
8870
2380
1896
9551
4283
3844
3744
1714
1527
9417
2340
3825
1050
4623
5829
8135
2417
2029
9549
8660
45
2162
8852
2799
7127
116
2964
638
9281
7625
1580
1395
7998
841
9234
9496
6308
5107
8700
6782
7361
6528
1041
291
7452
1173
972
1955
8302
5389
3473
9024
7520
6966
9058
4500
8230
8682
4884
6838
1069
4241
4638
4988
161
885
9314
10000
5842
8438
3055
5158
1080
5487
6614
2285
5620
761
8156
7892
3113
5054
8591
4222
4619
8817
8668
201
8391
4140
720
7068
9603
9658
1229
8623
4567
4150
7552
3007
8637
4772
3889
2098
644
7838
2619
3928
4155
5777
8396
2786
4524
3434
959
7671
983
4219
824
6517
417
1794
1055
7766
8220
9916
353
1347
4585
422
8948
8940
5451
644
7018
8345
3710
9878
6663
6747
7736
1447
6982
38
4367
3223
56
5731
9563
2508
1247
1089
4044
629
1595
5548
1871
6655
5282
9841
510
1467
9157
4560
1430
960
4225
1203
2093
6045
2547
1374
3283
5826
5168
3000
4168
799
4948
1097
6623
5852
8857
884
5937
4379
394
3367
3285
7116
3560
7968
7870
5503
653
4035
3957
7919
1567
3465
1769
5533
5351
8619
2101
2570
8483
4351
9617
3449
9817
9410
6203
9252
5773
55
9687
7694
6165
7119
1268
5833
3162
8921
5282
5497
2098
1708
9265
9321
3836
7251
6715
9516
6347
6696
4965
2630
5655
5028
8865
1517
3968
949
8424
6074
6693
7617
3046
4436
7204
4571
2406
5711
9106
1380
2129
8097
6205
3795
8593
5797
9024
7400
6762
84
9159
1229
9803
8096
9684
4222
8689
3491
1825
7867
6717
6984
9511
2539
6231
3223
4158
3668
6595
2487
2374
584
3651
3631
3574
1153
2029
3581
4930
2545
1438
8539
4226
4179
1247
8351
2305
7686
3864
7074
164
5259
2290
8244
8092
349
849
3582
8333
4225
9809
7495
2687
7262
3088
9947
2692
7582
205
1736
2556
5109
2736
939
8182
5986
5546
1147
6760
6660
7790
1956
3648
7326
2432
1720
571
4830
3740
9792
615
6235
5802
9369
1269
5933
2305
8573
4401
3217
4298
2159
1636
237
4039
9787
1705
3425
2259
4300
2255
8943
6331
4272
2063
8444
4974
9338
6590
3559
3137
9815
2549
1561
1638
5107
847
2142
2861
253
1891
3907
6027
9576
8947
5168
1195
8499
8900
3448
5955
8459
6735
7823
9512
2143
7543
396
8292
8628
1756
2367
1431
826
5263
6708
4923
1775
119
5224
8781
4947
6243
1835
3193
8780
4465
7095
1445
5243
3455
417
7280
2638
5184
7613
1516
1831
7345
1303
9611
9949
3180
879
6246
4753
5004
1124
2115
4804
2051
7236
2712
6295
3657
4898
6907
8467
6901
5306
1723
171
6945
562
197
3150
3017
1953
4528
2657
1076
532
8394
6492
6711
6974
6598
1668
5910
3360
1909
9690
2812
6793
9766
5457
2684
96
3289
9094
9241
9040
5896
4347
531
7523
1975
4676
5460
1666
6586
9317
1770
8252
2953
7051
9701
2325
1200
3627
4467
2144
1850
1993
5610
3536
9215
4506
6998
1836
75
9483
3203
6866
7521
3587
6030
5117
4896
1958
8167
2441
8196
1260
3737
342
2144
481
2701
4091
2923
206
2284
846
2793
8409
6852
897
28
4728
5389
1934
7242
6827
9244
2839
7088
4619
4840
3495
87
5341
1067
9917
6790
9916
7483
7323
8136
1238
6073
5993
9872
3590
553
7471
3370
5698
7220
2259
868
9397
1770
4080
6381
79
3788
4808
6476
1691
9017
1290
1988
8002
2824
9063
3958
4863
326
1586
3640
6610
3375
2775
3237
9017
9426
4670
8293
684
3360
5871
1791
8231
5173
4903
4092
4862
299
1644
29
7195
7435
702
48
3180
837
335
3758
3195
3010
164
4681
9486
6904
4668
7748
9872
4798
8033
7283
5791
3425
9932
2550
168
6982
2910
3056
1327
8208
3244
9020
3812
2389
9642
2562
5250
6780
5212
4406
8458
3097
8569
593
48
5996
5697
1221
1523
4295
2256
1675
1811
9839
9203
7056
590
6469
8475
6495
5228
5685
7759
1648
2364
2990
5127
8370
3118
2755
8967
8276
643
6033
344
5723
2385
419
6445
9471
1323
9587
9444
7814
4064
5458
9467
4453
1331
5257
7686
948
5148
9632
4366
273
1197
6239
4348
6856
6823
3443
7895
2978
6189
2388
282
6028
2345
4213
7449
9706
302
235
9109
890
9007
177
4765
5277
1742
91
200
6260
8039
1226
1569
6952
4029
7024
9138
717
6469
1188
3780
4743
6290
2312
9510
8014
4145
153
8572
3294
1478
919
5402
1106
390
9861
2929
6993
2087
2835
6920
57
5380
379
5055
3436
406
2584
5969
424
2224
2606
504
2268
5817
2150
9333
3192
367
5288
703
6835
8778
1438
9884
4739
3102
1878
46
3993
1846
473
9552
6042
9789
202
2609
2869
2478
9745
8720
834
2624
5816
9129
8408
1626
6757
5694
1922
893
9866
7450
1090
6417
1178
8754
1383
6560
2332
3229
363
9715
5108
2741
8464
1177
849
4734
860
7151
5985
8679
3506
9037
7676
47
5715
1485
2719
1946
7877
1201
5639
1748
979
6757
5713
2853
8405
1315
6063
3381
7121
838
1198
1313
2114
3361
1206
4031
7176
6080
3905
9007
4384
5663
3776
4675
902
682
7898
3313
9736
9605
5862
7557
8348
6909
1900
3196
2021
2446
2183
9663
9442
5111
5549
6428
632
9147
6130
284
1281
6297
8457
272
7188
9534
8445
2685
5911
8185
815
7962
5027
4479
2529
1559
279
433
2787
2672
3455
1707
3003
5026
2198
3342
1162
2190
5434
8016
1981
5372
4032
5122
9713
3217
3415
7746
7515
2004
5776
2178
7878
3165
1822
5337
6366
2527
2475
7337
5469
8809
12
9841
7876
7911
9958
1091
9549
7342
5713
1208
6622
6663
1515
3555
97
459
3408
1299
8321
2657
6297
61
2311
6371
8738
8986
9606
9192
7569
6845
468
2078
2308
1496
6586
3317
8681
7598
1182
2500
9508
3868
3887
2550
3981
6276
2688
9253
5288
186
1401
1851
4665
8451
5226
9668
4935
602
449
9608
3424
165
7886
4823
8733
1383
5957
4502
6792
1320
3348
3993
2635
8434
1878
2449
3067
5485
7383
4264
6021
1069
7097
6123
2232
7642
8390
9784
1187
9889
1367
7319
9296
2185
5716
1261
3761
1512
8781
8511
4105
2695
1224
1717
9759
179
7436
9567
5647
7062
7502
7564
4817
7910
3418
264
2814
9916
7620
8085
4976
455
3567
9662
1369
9777
1534
1320
2407
562
2121
7882
2902
5845
9571
8511
7783
5512
601
5369
2752
3335
3181
5864
9732
4731
5412
91
4388
9535
9388
8886
933
5972
6995
4997
5524
6261
6340
8496
3000
8973
9011
1711
9623
4104
3802
4624
5227
2600
8453
2342
2342
8617
2444
3284
9364
6694
9630
2443
4625
1677
8054
5601
8698
176
7561
2707
1800
4174
7949
1996
7178
5554
8449
4581
402
5562
4456
2175
5620
746
6807
6767
2074
6434
1202
8586
5627
6254
8594
5186
5357
6268
4794
1823
1224
9635
986
433
7165
5266
2067
132
4359
1943
9243
7637
8305
9217
1652
693
1337
2088
217
3180
8227
1227
7720
5167
976
4234
790
9973
881
6918
4207
247
9238
2053
653
9606
3820
7739
9516
6929
7271
5381
635
7511
556
3287
629
4345
9762
1593
9201
4372
5081
7725
9846
6606
1180
1524
4515
3950
1347
1986
4942
2049
2317
2431
6988
2683
9820
6239
705
2747
7489
404
6136
162
4073
7971
52
4708
4360
7061
1320
9695
8309
1566
6084
5581
5318
9075
8497
821
446
7975
1840
9207
3347
8599
9149
7607
8453
2936
9466
8121
8829
9917
5225
1502
2706
9917
9865
3534
1905
9124
7334
6759
3278
2072
7290
4948
7478
1743
2968
9777
4951
1679
6554
9406
7458
3991
2265
4419
4400
8140
9214
5459
1187
9654
4423
4004
4462
4989
3436
8910
2488
4013
9506
4193
9516
1618
2207
7740
6132
6144
5199
1035
4104
8033
8631
4977
4162
7637
1272
343
4804
4149
5719
115
3308
8185
682
3932
2582
8267
6485
1868
1202
8027
1605
1656
6248
5187
1933
3325
9225
2798
2896
4139
6840
9493
9966
2886
5209
8635
6002
7466
3737
5242
5403
6543
6175
6908
762
3037
6161
8511
2619
8082
1993
3059
6136
2594
9625
8053
9914
6782
9084
6753
5265
1352
6256
9427
7574
7509
8433
8911
6095
7828
6664
9379
7043
2143
6852
2825
9086
9632
2295
9233
5031
630
9348
3838
7105
407
2727
9167
7487
2295
7510
1425
8555
8730
2374
3187
9128
5095
7746
5995
9926
7263
1512
6503
8999
652
8483
5767
7120
4748
9472
393
4801
1696
8299
3460
1721
6128
2794
1161
1108
8690
686
294
6678
586
2149
5342
9116
2068
2066
246
1841
5392
369
240
286
4286
6453
5629
598
1514
341
5631
5361
6409
7191
9549
4231
741
9531
4187
6816
500
9804
7977
3353
5024
2226
6906
7146
9491
9163
7624
454
2866
5019
1733
7810
8828
530
7909
2921
242
2781
3339
5263
7304
7679
8098
4853
6253
6801
2077
4076
8600
9368
848
8270
1171
6183
8112
6249
3069
1812
1384
349
8587
6943
7503
2521
238
5488
6470
7297
6107
8832
8358
3714
3254
4732
7929
2537
1232
8165
7879
6401
1268
4427
9189
9851
9180
1755
5641
739
8681
1638
3152
4848
9715
6244
1588
6028
7421
6649
9704
133
7005
1927
1974
3972
8843
8324
3468
3276
6968
8574
1089
3493
9728
8876
574
8025
7459
6374
923
3886
4080
8040
151
1542
2739
5491
7245
7827
5617
8180
4371
4879
1857
3497
7460
2715
526
49
9201
726
6842
5444
3187
9104
1541
8851
949
8688
8207
4401
6303
3011
1658
6498
6901
6758
9635
9714
1410
6998
242
9258
63
5413
3375
830
1769
8976
2168
9275
2450
8351
4193
351
2102
7644
4443
2105
784
4776
1880
7123
8878
3322
3982
3036
6291
2793
634
9803
235
508
4118
7905
1972
2656
5294
6447
6604
1370
6736
3144
8901
5582
1683
104
2208
8640
6345
4165
7225
2424
5495
2756
6655
5147
5492
1455
1271
6215
2528
1878
1857
4911
1944
7156
5355
3496
9607
4259
7348
1939
5679
418
4308
589
7464
4598
2635
3971
1496
3871
6407
9273
8788
6445
2393
3933
3573
4402
394
9560
367
6217
858
181
5822
1656
1066
9093
2098
3410
5835
2305
6780
4864
7254
274
713
1729
653
638
2623
7839
8369
1699
8054
261
5302
249
1945
5070
2276
4099
2989
30
5504
343
5265
8295
26
1038
6806
1669
1416
6446
5232
3563
1923
8582
7166
3554
3824
761
6023
1534
3217
7582
614
5972
3805
9783
7271
4425
6670
8146
4722
2989
1577
5613
7192
2808
8756
733
1563
9267
1587
1760
3635
9674
2563
9888
8046
9056
618
8811
936
8196
6654
6306
2043
9506
2774
7807
8088
2285
7854
443
3687
6156
5775
254
395
8707
2142
8
2458
596
8595
6927
1996
4133
9022
74
5602
1379
8725
9918
8473
4375
1680
455
1710
3720
9065
249
3108
6242
8478
6775
1795
7525
6777
9188
8308
8353
9602
3272
9371
9744
8370
9589
4964
1188
6748
2058
5873
1668
7816
6024
2690
2705
9663
2420
4470
3933
3214
5388
2914
4430
1252
6126
6448
4784
2478
2453
73
6345
8918
9828
7669
4960
1591
4200
9058
8400
1253
9194
3156
1386
8474
2498
6748
825
4803
9490
1740
6858
509
3858
5498
3835
26
4519
1603
2547
7224
2442
8402
8899
3476
8790
2049
4187
5387
7570
3743
3872
3649
9104
8306
5533
1573
8756
1215
2455
4133
4297
5960
6134
4382
9713
6261
6448
3175
3948
6710
2360
1806
3899
8952
8
3955
2468
9926
2298
7796
9929
354
1789
7880
916
2132
4965
3360
406
4066
1860
283
9905
7825
7865
8553
8290
5243
342
7442
2371
5009
2694
9000
4991
2018
4206
9402
216
2509
3860
7147
8326
7636
4109
7954
6960
7538
3003
7603
9872
686
2151
5950
882
6288
2315
7654
1117
7123
9668
9637
2021
763
8950
798
7936
8074
2112
8931
4584
7566
2065
2680
4928
8972
3339
6248
6603
2915
9894
4518
7465
5562
5913
6662
531
9628
3909
8302
9305
3990
8050
2167
6634
9261
6222
5640
5604
1157
4883
21
9628
5584
8105
84
5329
2388
3596
7968
5180
448
47
769
5850
8895
2880
9084
9197
1614
9534
791
6320
2571
6265
272
3146
6815
1001
8414
3220
6557
4225
7448
910
3611
1797
2565
6399
6081
8474
1156
6764
7808
333
2236
5579
7221
2262
1638
2120
1501
238
170
9048
2539
7328
7560
2764
7992
2236
3225
6664
5898
7921
1588
2725
4184
2652
4244
1203
125
5948
1146
6931
9228
9016
1248
6788
19
2115
3886
2652
3410
6766
7936
8426
4365
335
2167
8201
1152
5809
8927
8632
8212
1532
1185
5336
3631
2646
1226
2389
4768
6234
7180
9993
7195
4056
7651
3037
1409
1037
986
6273
1413
4021
2031
8814
2538
4926
597
5369
8449
1759
5289
6939
9937
6696
2279
6048
4839
2380
3293
7725
9361
5628
5792
1765
5222
3110
6670
1933
7385
942
2628
8270
605
3835
6849
1387
2346
4054
2186
4452
4752
9822
1295
2827
2156
2832
6510
5365
649
7685
4983
98
8969
6507
9120
6800
612
7993
1050
4509
4112
1517
9635
5436
2642
505
1533
747
4788
3982
1871
7138
1496
6663
682
1582
3355
8201
8351
8062
3229
3017
4511
4750
2224
9023
9363
5619
8927
7449
9981
1381
2401
1299
2895
4996
7438
6950
1674
8308
2737
1518
1882
8315
3902
3105
5328
9149
9431
6077
7872
4885
234
8065
2077
4807
9005
3870
4321
5779
3980
9919
9105
1053
466
9367
8896
1211
5926
1322
6546
6143
3704
4015
8356
9910
9917
2436
7403
3824
5383
3043
2442
848
8648
6675
4328
8518
9992
7826
162
8043
6149
5234
3276
1613
8395
2577
4189
9852
69
5934
7404
3140
5378
4904
6422
7052
1275
2105
4450
1790
1923
4531
566
1400
5408
6858
7130
6483
8810
978
4814
4674
1298
1226
6568
4572
3685
1098
3696
4350
2849
24
4720
4379
7318
8161
646
9141
9040
6487
7068
1585
6101
982
3578
4565
6778
9083
26
4421
9259
8423
109
2207
4618
1584
9500
8260
4008
1176
9633
3480
5506
6995
8182
8987
9261
8307
4590
1545
1461
4118
1235
4095
7907
8915
7344
6031
4509
7984
2848
406
1474
4104
711
7611
1254
2459
7344
6123
8907
9606
9814
3683
5841
2708
3926
6750
47
405
2948
3904
1650
1535
7678
865
9205
5394
1631
1294
4146
5120
804
5932
1304
2509
5812
7662
8446
9699
3515
2266
2566
3721
424
8439
7142
9957
4536
2570
4227
1135
6018
4593
9902
8360
3573
255
2036
8028
6270
9049
2256
8980
1087
6544
3700
8670
8508
9568
617
7776
8951
377
2115
6939
4943
7196
6488
5693
4580
8168
2689
9418
1391
5189
5842
9452
848
4048
7543
7736
1159
9497
9200
7746
8407
8442
1023
3700
9191
345
9823
9163
1035
9263
1015
7683
5219
8138
1983
1028
5075
1455
9267
253
5027
4308
117
9360
9575
846
2584
1518
1793
1574
5290
3764
2853
177
273
6486
3854
4672
5305
7723
8063
2853
5677
457
397
3720
9989
5075
9019
4393
6894
9184
182
9302
1632
1262
4578
9903
7580
6918
9268
2952
5701
1842
2033
8191
1393
9228
1319
7039
2863
1481
8619
2964
4379
8614
5219
2367
655
2801
325
2364
1453
5068
1247
3491
3083
6333
9897
60
1437
6489
7512
8343
8329
5410
7236
8506
663
207
3244
7900
9320
924
2200
994
5577
4977
5567
1239
7928
1639
426
338
694
71
2680
4466
2653
1605
484
813
9395
4398
7749
2890
4864
3134
8964
7803
7309
2710
4115
6448
2525
3468
7516
8999
9600
6754
9079
1768
8470
8715
4432
1169
2545
9675
9001
5789
7854
6575
1579
8474
6870
2590
5107
8778
2479
5070
9707
2346
5192
6105
6790
3378
8581
689
5264
5853
6952
626
1765
1354
5505
2551
3905
4529
1271
7136
328
9754
6151
434
9335
2778
6684
6320
9242
8623
449
3736
2863
3519
51
5841
1419
8124
153
3860
7052
1083
7240
424
7999
8900
3282
8594
2387
9052
9616
9021
5150
5698
7104
6535
6350
3047
3536
1388
8178
4849
7995
3046
2122
3362
5027
2373
6524
6084
2625
1180
2009
9336
3017
9452
6687
2048
4305
7525
9872
1881
6659
7978
9251
3388
2992
7924
9978
3719
2296
9674
2771
3080
8136
9376
6547
730
6211
2237
7920
2467
708
2241
2941
2077
1474
7095
5100
4404
2101
1415
8335
9119
1657
4431
4015
6866
2656
9043
8481
4355
2477
8067
3942
444
446
3260
2722
5136
6025
5282
2559
145
7371
7404
1874
9730
8908
8816
6110
9385
6759
6496
3432
919
1273
2117
3659
1674
424
6796
7645
9635
5462
2302
8209
5572
9989
4932
910
5676
7069
1898
1921
1798
1069
7348
7278
1230
94
7855
9885
838
3854
4233
35
5321
1276
8083
5229
2094
7183
2245
6932
9358
2811
1427
462
5833
2854
8783
593
9334
9352
256
1390
538
6818
3521
9611
1707
609
764
4961
6885
7219
7481
5000
1020
377
2689
4143
5604
2077
1688
9488
2910
726
9499
7347
4563
6153
6134
6002
8213
7522
137
878
9284
660
8764
5776
5871
7277
7408
2706
1612
14
6024
1631
3530
1929
1304
3111
9492
2507
4508
5976
3097
2813
6653
2186
2138
3557
8000
6745
6771
8098
6335
8665
1389
6889
2844
1893
6323
3257
962
4552
612
886
9342
9680
6249
3923
3679
447
4248
5201
8090
740
2312
88
6337
2825
9365
1459
2325
5486
7350
545
9721
3095
7245
825
2457
7762
5247
6350
9611
299
981
9507
3844
883
7698
8993
1806
7294
1862
6838
3977
7339
5299
9904
2544
2714
6862
42
3981
266
4647
6199
8943
880
444
4349
6763
702
5483
67
3153
9811
8551
6574
2865
656
8749
7176
3758
395
3064
659
641
3015
225
8092
2577
900
5675
3283
4769
9411
8478
1034
8730
3260
8850
4829
779
1715
2223
1489
6398
5785
7890
3807
6670
9167
5394
5922
918
6560
84
3695
3483
5295
6540
9590
4284
9263
1125
3414
648
9394
1011
1205
4353
8148
6294
7888
288
8248
242
3407
3002
6515
5069
9485
2449
264
4281
4551
9678
964
1123
8467
7597
7084
2650
6739
1593
9747
36
6458
42
1439
2301
7502
4397
5214
882
5710
2467
6966
509
486
1627
3130
2129
1841
4324
4244
8873
2558
8046
6079
1420
1287
9473
6036
1012
6525
3441
9896
5199
3928
8304
451
293
5358
7988
2500
9452
1505
3115
6515
5272
2030
9787
2359
2614
1202
3343
8921
523
6848
1807
5513
6649
2258
831
9024
7506
3340
7611
86
912
3895
2177
8852
9748
2076
336
8108
2045
6734
1568
1992
2971
7518
2770
992
1572
617
248
3025
5703
661
7288
7402
2288
1436
2014
2136
2060
8984
2432
9061
2973
9919
869
7212
3312
673
1656
1280
8508
1120
3018
2173
8862
8302
6406
5887
2787
9694
2713
1730
3237
5716
9666
8250
1482
3742
5830
2372
8025
4359
6775
93
383
2122
7749
849
1521
3268
8245
8550
1891
3709
2354
3355
6088
3144
5377
7803
1546
760
9802
7734
2605
69
6356
161
7183
6816
2015
4253
1107
8852
56
358
9182
1646
5880
8765
4497
9390
2478
6520
3976
6269
1391
5512
5682
8209
2139
2027
6339
1008
3041
4644
7334
1954
3622
2536
8311
2089
7234
5977
9360
2645
3307
8792
8610
2355
2486
1943
246
3206
4507
5693
820
4361
8873
2301
5492
1540
2458
2217
2692
4813
3656
5283
9914
4240
1040
3141
2521
6482
2310
4962
1497
4403
7033
8236
4946
4674
24
582
1897
9061
7797
1101
4447
7337
6009
4899
4022
4119
9880
2092
2102
3112
1494
4461
1343
7210
5963
2577
8975
9010
531
7838
278
1893
585
8824
440
5586
4037
8564
7698
403
6355
3376
1153
36
2630
8161
2128
3266
6796
8204
4800
632
4404
3433
4349
5781
9054
4277
5567
8642
9346
7687
4654
291
6627
3525
3306
2029
837
4520
5481
3623
7501
8750
434
6627
3800
3390
8553
2014
6143
5473
2524
7590
8857
9903
174
2284
4289
1735
1698
906
362
9572
3163
4951
5600
3676
8801
264
5361
762
3734
6985
1867
6287
8825
1229
5976
3876
1627
5267
1400
8883
1280
7993
8253
3559
6249
3685
1725
9585
2736
9585
419
2236
6691
7559
4023
3444
2612
4813
5007
8818
528
6163
630
5115
3295
4523
2540
2122
332
9800
9359
6250
7510
9642
1224
537
2357
4360
889
6985
2784
2256
4981
9177
6783
5515
1728
4292
3005
8452
8569
9432
4592
1466
8277
2730
620
980
9343
4312
469
2565
4588
990
1924
3057
7795
3421
5099
558
1229
1465
5756
7518
1977
7570
1799
5324
3556
6054
3138
7749
71
2564
4238
7849
9841
9460
776
3329
6390
1382
1262
7924
504
9352
6738
8085
2149
9547
7267
5935
8898
6152
3226
9460
6262
1039
754
3665
3194
1393
8749
295
2160
7391
5666
3206
6432
161
2475
2554
619
5180
8750
2106
1066
7646
138
63
3703
9932
8469
7090
1662
1470
3811
1497
6853
7960
7786
4628
7642
8572
8772
1938
2716
6767
4660
4537
9708
9130
1468
3430
3125
2306
9630
1522
778
553
1810
8118
3264
2038
8968
6960
2300
8979
2095
6998
9693
389
6613
1402
6140
5921
8111
5087
8243
5533
427
3483
6333
9653
6708
1758
237
5808
2951
1682
4689
2818
5716
2403
1336
5314
5846
8656
5201
4767
1398
4194
3190
9598
1612
7357
2313
1831
1480
7638
7710
514
8993
7396
7354
6156
5884
7129
6905
5182
2879
6578
3926
4783
3478
4093
2583
8425
6837
2699
6999
6058
2079
8502
9912
8844
6743
501
7560
8598
6789
1278
9780
6676
4268
7195
8827
3125
953
1856
3316
1908
8702
1003
161
9626
2064
2621
4134
3713
4798
1481
3173
7372
4931
7434
9356
2293
3854
1785
8290
3046
688
5952
4509
9277
5285
6745
7352
650
5382
4810
8275
3914
2062
5461
5611
3353
572
8442
4508
1044
2169
337
9748
1597
7787
1221
5177
4402
9912
5730
5294
7600
1327
2627
4418
1715
6196
7317
8377
1649
3066
5888
3056
8345
9718
5095
8571
7574
6209
8574
1921
8424
2046
8171
3290
4453
1677
6656
3496
5003
1471
2568
1604
282
8363
1600
650
4912
736
9288
2359
1876
4940
6010
8626
6023
3549
6922
5113
1192
1078
2750
4285
5847
9876
5136
3681
1724
1905
8786
4591
8681
5737
1634
1868
1949
187
350
5117
699
3298
8745
8602
9914
677
4351
4577
5294
6092
8133
4622
7015
4324
36
3673
5288
692
4952
1345
2026
2513
916
8440
2002
2271
7976
207
753
1161
5686
2820
5659
627
5345
1416
2715
8685
6647
8502
8180
3931
561
2561
9610
3827
4984
9085
2403
2950
1514
5553
7880
9043
5677
9179
2448
5753
212
5124
8751
9915
5440
3989
58
7353
7224
3963
1759
8876
1355
3848
387
7073
3445
2170
1915
6203
401
6447
7599
7458
1663
7817
796
240
5654
638
9482
5982
9899
131
5293
3818
8467
5787
3375
4924
1621
7178
6894
4362
723
9295
2369
5112
7898
7233
8001
9571
1192
1385
9430
1840
3038
1265
3424
1888
5527
811
4551
2344
6008
4821
2565
1742
9111
9531
7074
8214
417
8078
6336
8062
6326
7684
3800
5526
2440
3151
932
5253
9445
9218
3967
9911
4528
1266
1242
5739
2695
7385
17
7645
9376
6561
8349
2991
1046
6239
6299
1677
5667
1453
2829
3329
9693
1549
799
8148
5766
4795
7676
4375
9343
1123
3730
2305
1357
4802
5332
2281
8351
4977
2991
1510
8254
1567
3263
9445
7893
3854
5410
4891
1300
5410
7485
7787
6144
7589
398
5162
8445
1422
5266
8498
7790
9042
4920
7540
6156
3868
4069
6273
1942
5130
4265
6987
5528
1064
3522
3415
8143
4481
751
5318
1419
4130
4248
564
4790
9425
2685
2176
5684
4526
3564
6221
1019
3546
1255
6489
1734
2069
4196
8444
2245
6316
9383
1171
7030
5123
2637
1486
7466
2686
5115
7
4769
9575
2662
6756
2999
379
5892
1614
2868
1686
803
2114
5214
4896
4600
7912
2770
2487
2523
8259
755
3935
7569
1816
2161
8824
2490
8978
862
4431
7740
6661
4733
9784
6800
194
1932
698
235
1019
7252
6555
6976
9479
8654
286
1571
5688
4121
7049
6993
6683
9993
316
4495
1792
8801
6095
560
9947
4356
8140
9851
9802
9336
7805
4636
1751
1005
7559
2378
8592
6269
7799
1513
3126
2340
3835
8001
515
9746
3764
7310
6191
6270
7482
7817
9092
1165
8641
8855
7185
2228
6396
9121
7372
6778
8303
4212
2731
657
2296
5433
9349
9223
161
71
9365
6600
2127
3400
2047
3782
8415
4314
7990
9691
1618
7175
1292
3646
1477
3287
4987
7013
8711
9668
6900
7130
949
6398
5942
5121
5944
32
6194
2825
1697
515
7709
1713
7603
2034
8453
7772
7330
1677
6487
3080
8603
353
9392
8043
2932
9832
9154
7808
1525
366
1034
7873
8727
2132
1232
6884
9228
7720
2687
1195
1008
4164
4709
7287
7934
6309
1325
5133
149
3135
8667
8588
8477
5424
8439
8029
4645
1762
1454
1964
3743
8229
310
3894
3470
3484
1649
9459
4270
6487
6435
3095
7237
4545
2887
1187
488
8923
142
9457
2593
792
6410
6624
976
8602
6907
7452
6032
718
5159
7858
2891
563
2079
4722
9249
9824
1744
4614
5653
9078
8471
1922
2840
4180
6265
2301
1258
3482
3970
8975
5389
4049
4172
3083
2765
857
5618
2031
2589
6706
2277
2121
1732
5583
9887
7293
8984
3351
4806
3444
2121
4686
6643
1255
9121
6724
4836
3308
1467
5580
4223
3792
882
3440
9608
3190
4667
2371
4981
430
357
1495
6319
714
4415
720
1324
7646
6139
4633
2859
2534
2115
8949
2223
3771
6857
5897
2864
9609
3731
7256
2974
6955
3654
4030
1880
7656
9970
4242
8828
4883
5919
3526
6767
2317
4790
5392
4639
301
4723
4302
9431
6723
5466
6725
6067
7865
8439
1019
581
8699
362
9766
4647
3385
7139
4788
3346
986
3355
2316
7806
6099
1939
2997
139
6633
3632
2694
432
579
2056
5822
9553
4643
6
2085
4150
5495
4036
7010
9722
8027
601
814
6018
2641
5313
6440
8943
5940
4733
4427
453
3897
4394
1246
3388
2694
8646
4938
4422
5048
1536
1025
4227
8720
9423
8316
7570
4333
9895
6086
3529
4368
3383
2856
1750
1692
2694
852
4039
9069
9872
6550
3191
5498
1499
2439
506
6718
7231
9188
219
6611
8805
9039
8723
6864
9870
5156
9773
6693
2808
6063
1208
2755
9037
9260
8861
2146
9884
5487
2737
5181
2540
9413
2029
5537
8622
5274
1452
2550
8179
652
1013
5581
3886
7360
8746
3547
7195
1556
2096
6756
7343
357
3472
6476
354
5378
2253
8554
5259
2336
6183
2878
7898
2959
863
3284
7836
5117
4924
8457
2746
2058
7885
6909
1811
780
2576
8730
5868
2916
3763
6117
9685
7984
2537
2610
4286
3010
6415
1804
505
1761
5951
9013
8033
814
5940
2651
5596
1866
1120
4797
6349
2582
4267
8492
8157
2460
6157
8933
8363
9388
8045
3773
5489
2488
6586
2030
7481
5940
3722
5730
624
9721
3426
1469
7498
4121
8630
4959
3366
1016
4513
186
4099
2313
1478
4562
4579
1158
5240
3395
8543
2036
4408
3367
7564
1318
5309
8327
748
4401
4440
3265
3927
2240
424
1916
9468
9400
8187
8936
8691
895
7
4265
5269
1625
424
5062
6045
2931
8778
684
4433
6676
9130
5945
5420
9216
9896
1654
4590
7839
8415
292
9271
942
5800
282
2351
3460
3452
7949
6889
8199
9545
4930
1593
1807
5431
6272
5300
2204
4459
394
6519
36
9148
9963
5723
992
4740
5954
6439
2151
617
7329
6055
283
4380
288
5947
4019
1153
7239
2131
6920
1041
1100
6201
596
4876
4649
1167
695
7011
2066
2219
6364
8214
214
4609
8124
4041
7892
656
9682
3900
4000
6991
4783
6954
1142
2521
3550
3138
4989
6358
3882
1141
8256
1917
478
559
6825
3014
1262
1594
111
3109
821
3503
2738
7060
8318
5198
3460
5760
295
3472
2874
871
98
4123
5843
8496
5437
6374
1256
4828
7045
766
7365
8491
391
3864
1303
3522
4056
407
1655
460
549
1777
7142
1374
8717
4349
1369
2735
1997
9663
1159
1496
6412
4151
3952
7224
5049
7415
3504
572
1665
6804
420
2605
5718
1295
8460
3146
364
4388
4850
9704
1910
2146
3211
854
5456
1900
9659
3958
7550
5152
3470
1513
2277
7878
7748
8986
2504
3467
3836
8238
5831
7647
3204
7866
3826
11
1616
8422
3236
439
1641
8737
7710
9915
8136
421
1345
1460
1860
7036
6161
506
6295
1346
1846
1040
3304
989
3300
4091
1764
4715
3229
422
2526
4811
2997
1221
5962
1967
9623
4201
4996
6848
9975
8900
982
2
3719
3677
2521
8201
6253
1414
764
7500
6565
4716
483
2905
451
3967
1442
5738
380
994
682
6439
1798
6789
4098
8636
3773
8354
8906
3020
7175
9108
3756
8373
5514
2399
7221
6150
2700
8684
3715
4254
6251
7651
1870
3031
8959
126
1659
4819
9405
9500
2063
4374
4173
9235
6033
2133
5534
8777
2852
5933
9768
2901
7571
6550
5266
8513
8094
3737
9589
2707
8324
1969
3553
2861
4913
4894
9199
7490
1386
4319
2486
6505
5478
2705
4354
2359
3647
9474
354
2856
5641
8427
4657
4989
947
4398
4343
6109
2764
3517
224
1765
5176
8779
1181
4866
1475
3414
1834
6097
1460
1605
177
5156
7366
2446
7485
6152
1763
8220
6513
9477
1570
7503
5193
5205
9811
7860
1409
777
7112
2199
7125
2024
2262
1670
7449
1386
1052
440
1210
5572
2900
7357
7557
6260
6888
8776
7926
191
8774
3706
9587
3497
5958
5393
9482
1269
4732
5121
1800
6846
6346
1729
2028
9237
7751
2633
3500
9948
7557
3051
8118
3427
5824
1104
841
4896
1459
6564
9253
1940
4319
117
3520
4044
7918
5719
9307
485
6453
5980
7076
2916
8393
7138
7582
4276
8915
9741
8846
8513
9766
6951
8102
7829
6064
1845
9079
417
5056
380
7026
5679
1607
9411
7857
3445
4818
1803
132
813
4823
5245
8238
786
7741
4226
3953
8669
3201
1609
294
9313
6407
4772
7618
8228
3021
5732
1382
5375
2678
6183
486
1880
6790
6862
2204
3838
7817
1124
477
9796
9865
3804
812
9298
7136
7418
7758
760
9930
2933
7486
3316
8302
4379
7874
3030
4575
1158
2462
3826
2046
