9990
9987
9987
9986
9982
9982
9981
9978
9977
9976
9972
9970
9966
9966
9964
9961
9961
9959
9958
9957
9953
9953
9952
9951
9940
9937
9936
9933
9932
9931
9930
9929
9929
9922
9921
9920
9914
9910
9910
9909
9907
9905
9905
9903
9901
9900
9900
9900
9897
9895
9892
9892
9891
9890
9886
9884
9882
9880
9878
9875
9870
9866
9864
9863
9862
9852
9847
9844
9843
9843
9841
9838
9838
9834
9834
9834
9829
9824
9823
9819
9817
9814
9810
9806
9805
9804
9804
9801
9800
9794
9792
9791
9786
9786
9781
9778
9772
9770
9769
9768
9765
9765
9762
9757
9756
9753
9752
9752
9749
9748
9744
9742
9739
9738
9737
9736
9732
9732
9731
9729
9727
9714
9714
9708
9708
9702
9701
9701
9700
9698
9695
9693
9692
9686
9680
9680
9679
9675
9674
9673
9672
9668
9667
9667
9665
9662
9661
9661
9661
9658
9656
9654
9654
9653
9653
9653
9649
9646
9645
9644
9642
9640
9640
9638
9631
9630
9628
9628
9626
9623
9622
9620
9619
9619
9618
9616
9615
9612
9607
9605
9601
9601
9589
9589
9587
9587
9582
9580
9578
9577
9575
9574
9569
9567
9567
9564
9564
9563
9558
9552
9552
9546
9545
9545
9545
9543
9540
9538
9537
9536
9535
9532
9530
9527
9523
9520
9516
9516
9516
9516
9510
9503
9502
9498
9495
9490
9488
9488
9481
9480
9477
9477
9475
9475
9465
9460
9458
9456
9456
9453
9453
9453
9449
9448
9447
9438
9436
9435
9434
9430
9429
9429
9429
9426
9423
9420
9415
9413
9412
9411
9411
9406
9403
9394
9392
9391
9390
9389
9388
9387
9385
9385
9384
9381
9381
9379
9378
9374
9374
9372
9369
9366
9366
9365
9363
9362
9359
9359
9359
9358
9356
9356
9354
9353
9353
9352
9352
9349
9349
9346
9343
9342
9339
9334
9333
9332
9330
9326
9325
9325
9321
9318
9315
9312
9311
9310
9310
9306
9304
9293
9289
9289
9286
9284
9282
9282
9279
9272
9271
9270
9268
9267
9264
9264
9260
9256
9250
9245
9243
9241
9235
9229
9228
9227
9221
9218
9217
9216
9210
9208
9206
9206
9206
9204
9203
9202
9202
9200
9199
9197
9197
9196
9196
9195
9191
9190
9188
9186
9181
9179
9178
9173
9165
9162
9162
9161
9160
9160
9159
9157
9157
9156
9156
9156
9153
9150
9149
9147
9145
9144
9144
9142
9137
9129
9126
9121
9119
9117
9117
9114
9112
9109
9106
9104
9102
9100
9099
9098
9093
9087
9087
9083
9082
9080
9079
9079
9077
9076
9074
9070
9069
9065
9065
9060
9055
9053
9052
9047
9047
9047
9046
9044
9042
9042
9038
9035
9034
9033
9032
9031
9030
9029
9027
9023
9022
9019
9017
9008
9007
9007
9006
9003
9003
8999
8997
8992
8989
8989
8988
8986
8984
8981
8975
8975
8974
8973
8971
8970
8969
8969
8967
8966
8962
8958
8955
8954
8952
8947
8946
8946
8945
8943
8939
8935
8934
8932
8927
8921
8917
8913
8908
8907
8905
8903
8896
8896
8895
8895
8895
8894
8894
8884
8883
8883
8882
8881
8880
8879
8878
8868
8868
8867
8867
8859
8859
8858
8858
8858
8856
8854
8851
8850
8850
8849
8847
8846
8843
8841
8840
8838
8829
8829
8825
8820
8819
8819
8816
8813
8813
8809
8806
8805
8804
8804
8803
8799
8796
8789
8788
8786
8779
8776
8767
8764
8763
8761
8758
8757
8753
8753
8748
8747
8747
8744
8744
8743
8743
8742
8733
8733
8730
8729
8727
8722
8722
8718
8713
8712
8711
8710
8710
8709
8705
8699
8698
8695
8692
8687
8686
8682
8682
8680
8676
8669
8668
8668
8663
8662
8661
8658
8656
8655
8653
8653
8651
8647
8646
8637
8636
8631
8626
8624
8623
8622
8620
8620
8620
8619
8617
8612
8606
8603
8603
8597
8596
8590
8589
8587
8586
8584
8584
8582
8579
8577
8577
8575
8568
8567
8563
8556
8554
8553
8551
8549
8546
8542
8539
8538
8533
8530
8529
8528
8527
8526
8526
8515
8511
8509
8507
8504
8502
8499
8495
8494
8492
8490
8487
8485
8483
8482
8479
8479
8476
8476
8474
8474
8472
8471
8464
8462
8460
8455
8453
8451
8447
8447
8442
8440
8439
8431
8430
8429
8423
8422
8418
8415
8414
8413
8412
8411
8411
8410
8410
8410
8407
8407
8404
8401
8400
8400
8399
8394
8392
8390
8386
8385
8380
8379
8379
8378
8372
8372
8372
8371
8365
8364
8364
8363
8361
8359
8357
8357
8354
8354
8350
8345
8344
8340
8338
8337
8334
8330
8330
8328
8328
8328
8327
8324
8322
8322
8318
8318
8317
8317
8316
8316
8315
8313
8307
8306
8301
8300
8298
8292
8288
8285
8284
8283
8283
8281
8279
8277
8277
8274
8274
8273
8273
8265
8264
8263
8262
8261
8259
8257
8254
8253
8251
8247
8246
8240
8238
8234
8233
8232
8232
8232
8230
8228
8227
8227
8225
8225
8225
8224
8223
8223
8222
8222
8220
8216
8212
8210
8208
8206
8205
8202
8200
8199
8196
8192
8190
8189
8188
8185
8184
8182
8174
8173
8164
8161
8155
8154
8148
8142
8142
8140
8135
8133
8131
8127
8126
8126
8125
8124
8123
8123
8120
8119
8108
8102
8100
8099
8096
8095
8094
8092
8089
8088
8088
8087
8083
8081
8071
8069
8067
8066
8065
8061
8060
8059
8057
8056
8056
8053
8052
8049
8046
8046
8042
8039
8036
8034
8031
8025
8024
8023
8022
8022
8021
8021
8019
8013
8009
8004
8004
8003
8003
8001
8001
7994
7993
7992
7991
7984
7982
7982
7981
7976
7974
7973
7971
7970
7967
7967
7966
7965
7961
7946
7943
7941
7941
7939
7938
7934
7932
7932
7931
7930
7929
7928
7915
7914
7914
7913
7911
7909
7909
7907
7904
7900
7898
7892
7888
7884
7884
7881
7880
7879
7875
7875
7873
7871
7869
7867
7867
7865
7865
7864
7861
7858
7855
7853
7851
7848
7847
7845
7844
7843
7839
7836
7835
7833
7831
7831
7831
7830
7827
7826
7825
7821
7816
7815
7814
7814
7809
7808
7807
7801
7800
7799
7799
7798
7797
7791
7785
7781
7780
7779
7777
7776
7775
7771
7769
7767
7765
7765
7764
7763
7762
7761
7761
7760
7760
7760
7759
7757
7756
7753
7752
7750
7750
7748
7743
7726
7726
7721
7720
7718
7718
7717
7717
7717
7717
7714
7714
7713
7711
7710
7707
7697
7696
7695
7693
7692
7691
7689
7687
7686
7685
7683
7681
7679
7673
7673
7672
7672
7667
7667
7663
7661
7658
7657
7656
7646
7641
7637
7636
7636
7635
7632
7631
7630
7630
7627
7627
7627
7627
7626
7618
7618
7614
7614
7613
7613
7613
7611
7610
7610
7605
7605
7604
7604
7600
7598
7594
7592
7591
7589
7589
7586
7579
7578
7577
7575
7575
7573
7572
7571
7570
7569
7568
7566
7564
7551
7543
7543
7538
7536
7534
7525
7525
7522
7515
7510
7506
7506
7506
7503
7500
7495
7494
7489
7485
7481
7479
7475
7474
7472
7471
7466
7464
7464
7461
7459
7457
7455
7453
7452
7450
7448
7448
7448
7446
7443
7442
7442
7441
7439
7439
7437
7430
7425
7425
7425
7422
7421
7418
7417
7416
7414
7413
7411
7411
7404
7403
7402
7401
7400
7399
7398
7398
7397
7396
7395
7392
7391
7390
7389
7385
7385
7385
7385
7383
7381
7379
7378
7375
7375
7373
7372
7371
7365
7364
7362
7360
7360
7359
7359
7359
7359
7358
7346
7345
7342
7341
7339
7336
7331
7328
7326
7317
7314
7314
7311
7308
7306
7305
7304
7303
7302
7301
7301
7299
7299
7296
7294
7293
7288
7288
7287
7286
7286
7283
7281
7280
7274
7273
7271
7265
7263
7259
7253
7252
7250
7250
7250
7247
7246
7242
7241
7240
7239
7236
7232
7232
7228
7221
7221
7221
7215
7213
7213
7207
7206
7206
7203
7202
7202
7201
7200
7199
7197
7197
7196
7193
7192
7191
7189
7188
7181
7181
7181
7178
7172
7171
7171
7168
7164
7152
7148
7142
7138
7136
7135
7132
7131
7129
7126
7118
7114
7113
7109
7106
7103
7101
7101
7100
7097
7096
7095
7095
7094
7093
7091
7089
7086
7084
7080
7071
7071
7069
7068
7059
7058
7046
7045
7043
7038
7035
7035
7031
7031
7031
7029
7028
7027
7016
7013
7012
7010
7010
7009
7007
7007
7007
7002
7000
6999
6991
6989
6989
6987
6987
6987
6985
6983
6981
6974
6972
6969
6966
6963
6961
6958
6958
6955
6954
6954
6949
6949
6945
6942
6938
6938
6937
6936
6934
6932
6932
6930
6929
6927
6926
6924
6921
6915
6915
6912
6910
6910
6906
6899
6894
6894
6891
6891
6891
6891
6891
6879
6878
6877
6875
6873
6872
6870
6870
6869
6868
6866
6866
6862
6862
6860
6860
6858
6857
6857
6854
6853
6853
6853
6852
6848
6845
6844
6844
6843
6840
6840
6839
6837
6834
6828
6827
6825
6823
6823
6821
6819
6815
6814
6808
6808
6805
6803
6801
6797
6797
6795
6794
6793
6793
6791
6789
6780
6773
6773
6772
6769
6769
6769
6767
6766
6762
6757
6754
6752
6751
6748
6742
6736
6735
6734
6732
6724
6722
6721
6718
6715
6712
6702
6699
6696
6691
6690
6689
6687
6686
6686
6680
6680
6677
6677
6675
6670
6665
6664
6662
6661
6655
6652
6650
6650
6646
6645
6642
6642
6641
6639
6635
6634
6632
6631
6630
6629
6623
6623
6622
6620
6616
6613
6609
6606
6603
6603
6602
6602
6596
6594
6593
6591
6586
6584
6583
6582
6581
6580
6579
6571
6571
6568
6561
6560
6559
6558
6558
6556
6552
6549
6546
6543
6538
6536
6535
6534
6531
6531
6531
6523
6518
6512
6511
6509
6509
6509
6506
6506
6499
6494
6490
6489
6488
6486
6484
6483
6482
6481
6472
6469
6469
6466
6464
6462
6460
6459
6457
6457
6452
6451
6451
6450
6448
6448
6445
6444
6441
6436
6431
6430
6430
6429
6422
6420
6419
6416
6407
6407
6399
6396
6396
6395
6391
6389
6387
6387
6387
6385
6383
6382
6379
6374
6368
6362
6360
6359
6359
6358
6357
6348
6344
6341
6337
6337
6337
6334
6331
6327
6326
6317
6316
6313
6312
6311
6310
6303
6302
6300
6299
6299
6298
6294
6293
6293
6292
6292
6292
6291
6288
6283
6282
6279
6278
6277
6276
6276
6274
6271
6270
6268
6268
6260
6259
6256
6255
6252
6241
6233
6231
6230
6224
6221
6221
6220
6219
6217
6214
6213
6212
6212
6206
6206
6204
6202
6199
6197
6195
6193
6193
6188
6186
6183
6180
6174
6174
6171
6170
6170
6169
6167
6166
6160
6160
6159
6156
6155
6145
6144
6143
6142
6141
6141
6141
6140
6140
6138
6135
6132
6127
6126
6124
6123
6122
6121
6120
6119
6118
6116
6116
6112
6105
6102
6100
6100
6099
6096
6091
6089
6089
6085
6083
6082
6078
6077
6074
6074
6068
6066
6065
6063
6059
6059
6048
6047
6046
6046
6038
6037
6033
6033
6033
6033
6031
6031
6029
6027
6026
6024
6023
6021
6018
6016
6015
6014
6013
6011
6011
6009
6008
6002
6001
5998
5997
5992
5977
5977
5972
5969
5968
5958
5958
5958
5951
5949
5947
5945
5940
5936
5936
5933
5932
5931
5927
5917
5916
5913
5913
5912
5910
5910
5907
5904
5903
5902
5902
5887
5885
5885
5881
5881
5881
5880
5880
5879
5875
5874
5874
5874
5873
5868
5867
5864
5860
5859
5854
5852
5852
5852
5851
5849
5844
5843
5833
5827
5826
5825
5825
5823
5821
5818
5816
5816
5815
5815
5813
5812
5811
5809
5808
5808
5802
5802
5802
5801
5797
5795
5791
5787
5784
5782
5780
5776
5774
5772
5772
5771
5771
5771
5771
5770
5770
5758
5754
5753
5752
5751
5751
5749
5748
5748
5743
5742
5741
5737
5737
5735
5733
5730
5720
5716
5713
5713
5709
5706
5702
5701
5701
5700
5699
5692
5688
5688
5687
5685
5683
5680
5677
5677
5676
5675
5667
5667
5666
5663
5659
5658
5652
5649
5648
5647
5645
5643
5637
5637
5635
5635
5632
5629
5626
5622
5620
5619
5619
5618
5618
5618
5615
5615
5614
5609
5608
5608
5605
5598
5593
5593
5592
5592
5589
5588
5587
5587
5585
5581
5580
5579
5579
5576
5571
5570
5567
5567
5566
5565
5565
5557
5556
5555
5553
5553
5552
5551
5550
5550
5550
5548
5546
5544
5543
5541
5541
5541
5539
5533
5532
5531
5525
5518
5512
5509
5509
5508
5507
5507
5506
5504
5503
5502
5502
5495
5490
5489
5489
5484
5480
5480
5469
5468
5463
5462
5460
5454
5450
5448
5446
5442
5438
5435
5434
5432
5428
5424
5422
5422
5422
5421
5417
5413
5412
5409
5406
5406
5406
5404
5403
5401
5398
5397
5392
5391
5391
5389
5388
5387
5385
5384
5383
5380
5376
5375
5372
5372
5372
5370
5366
5366
5365
5364
5363
5363
5358
5357
5355
5347
5344
5339
5339
5338
5337
5331
5330
5326
5317
5315
5313
5313
5310
5306
5306
5305
5301
5296
5294
5288
5287
5287
5284
5279
5275
5273
5270
5267
5266
5256
5251
5246
5243
5238
5238
5237
5237
5236
5234
5228
5222
5221
5214
5209
5205
5200
5200
5194
5193
5192
5187
5185
5184
5183
5178
5177
5176
5170
5170
5166
5165
5163
5148
5141
5138
5137
5135
5133
5132
5128
5127
5126
5125
5124
5124
5124
5123
5123
5113
5112
5111
5110
5110
5107
5102
5100
5100
5096
5094
5090
5089
5088
5088
5086
5085
5083
5080
5076
5076
5073
5071
5070
5065
5064
5063
5063
5061
5057
5057
5057
5051
5050
5050
5048
5047
5044
5044
5043
5038
5035
5031
5029
5029
5028
5022
5022
5022
5021
5018
5011
5010
5004
5001
4999
4999
4998
4994
4994
4987
4983
4979
4978
4976
4975
4974
4972
4971
4970
4963
4960
4954
4951
4947
4947
4944
4941
4939
4936
4935
4935
4933
4931
4931
4929
4927
4924
4923
4919
4916
4915
4912
4909
4908
4906
4903
4903
4899
4899
4898
4895
4893
4893
4892
4889
4888
4885
4885
4884
4883
4882
4881
4876
4871
4871
4870
4868
4868
4864
4863
4863
4860
4860
4858
4858
4857
4853
4852
4849
4848
4848
4848
4847
4846
4840
4837
4835
4833
4833
4831
4824
4823
4821
4819
4818
4818
4814
4809
4807
4802
4800
4799
4798
4797
4796
4795
4792
4791
4790
4789
4789
4789
4784
4782
4780
4780
4778
4776
4773
4770
4769
4768
4765
4763
4761
4760
4756
4748
4744
4736
4735
4734
4733
4733
4732
4731
4730
4727
4726
4726
4725
4723
4721
4718
4717
4716
4713
4710
4710
4704
4704
4699
4699
4698
4696
4695
4694
4693
4689
4689
4684
4683
4681
4681
4678
4678
4677
4676
4668
4667
4663
4660
4658
4655
4654
4654
4650
4644
4643
4641
4640
4639
4637
4633
4632
4632
4630
4630
4626
4624
4623
4615
4612
4610
4608
4607
4604
4596
4593
4591
4587
4586
4584
4583
4582
4580
4579
4579
4578
4578
4577
4574
4572
4568
4567
4566
4565
4565
4562
4561
4560
4559
4558
4551
4549
4544
4543
4540
4540
4538
4533
4530
4529
4528
4523
4522
4517
4515
4512
4511
4507
4507
4503
4503
4502
4500
4494
4492
4491
4489
4486
4483
4483
4483
4482
4479
4478
4477
4476
4476
4475
4468
4467
4466
4466
4464
4463
4461
4460
4458
4456
4447
4446
4445
4444
4442
4434
4433
4433
4432
4425
4422
4417
4414
4413
4411
4410
4409
4402
4398
4396
4396
4395
4394
4391
4390
4389
4388
4382
4378
4376
4370
4370
4362
4362
4362
4359
4357
4355
4351
4351
4349
4344
4342
4337
4337
4337
4337
4334
4333
4330
4326
4324
4318
4318
4317
4316
4311
4308
4305
4305
4303
4300
4299
4296
4292
4290
4289
4288
4286
4285
4285
4281
4281
4280
4279
4276
4276
4271
4268
4266
4266
4264
4264
4263
4259
4258
4257
4257
4254
4253
4251
4251
4251
4250
4248
4248
4246
4240
4235
4235
4231
4223
4220
4220
4215
4208
4207
4207
4205
4204
4203
4202
4199
4198
4194
4194
4193
4192
4192
4190
4188
4188
4187
4183
4182
4180
4177
4177
4175
4175
4174
4173
4172
4170
4168
4167
4166
4165
4165
4165
4164
4159
4159
4159
4159
4157
4154
4154
4154
4152
4150
4150
4148
4148
4148
4146
4143
4142
4141
4140
4139
4138
4138
4132
4131
4130
4129
4127
4127
4125
4124
4119
4117
4115
4114
4113
4110
4108
4107
4103
4101
4101
4092
4091
4090
4084
4080
4077
4077
4077
4076
4073
4073
4072
4069
4069
4063
4062
4061
4061
4058
4054
4051
4044
4041
4041
4039
4037
4036
4036
4033
4033
4032
4031
4024
4024
4023
4023
4020
4017
4014
4012
4012
4011
4010
4009
4007
4005
4002
3995
3995
3985
3985
3984
3979
3977
3977
3972
3971
3971
3968
3964
3963
3963
3963
3962
3959
3955
3954
3952
3950
3950
3950
3946
3945
3945
3943
3940
3936
3935
3933
3933
3930
3929
3928
3928
3927
3922
3919
3918
3915
3908
3906
3902
3901
3895
3893
3893
3893
3892
3888
3887
3886
3884
3882
3881
3879
3878
3877
3876
3872
3869
3869
3867
3865
3865
3864
3864
3863
3860
3858
3857
3857
3854
3849
3848
3846
3846
3844
3843
3839
3839
3835
3835
3833
3832
3830
3828
3827
3825
3823
3819
3816
3813
3812
3810
3806
3798
3797
3796
3796
3794
3793
3792
3788
3786
3781
3780
3778
3776
3776
3775
3770
3764
3762
3759
3758
3747
3746
3743
3742
3741
3740
3738
3736
3735
3734
3733
3726
3725
3718
3716
3712
3711
3711
3707
3703
3703
3702
3701
3698
3697
3696
3693
3692
3690
3689
3689
3686
3686
3686
3685
3685
3682
3681
3681
3681
3681
3680
3680
3680
3679
3679
3677
3671
3671
3670
3667
3662
3659
3658
3656
3654
3653
3649
3647
3644
3644
3644
3642
3641
3638
3637
3636
3636
3634
3633
3630
3627
3626
3625
3624
3623
3622
3621
3621
3613
3610
3610
3608
3607
3605
3603
3601
3597
3596
3594
3594
3591
3591
3589
3588
3588
3587
3586
3584
3582
3571
3570
3568
3567
3563
3563
3563
3559
3555
3554
3554
3553
3551
3551
3546
3546
3545
3544
3544
3541
3540
3539
3538
3537
3537
3532
3530
3529
3528
3524
3521
3519
3519
3516
3511
3511
3510
3507
3507
3506
3506
3506
3500
3498
3496
3496
3495
3494
3493
3489
3489
3487
3485
3483
3483
3482
3481
3476
3474
3469
3469
3468
3468
3463
3459
3452
3449
3446
3444
3442
3439
3437
3436
3431
3429
3423
3422
3422
3421
3412
3412
3408
3408
3407
3406
3405
3403
3400
3400
3397
3394
3394
3394
3388
3388
3387
3384
3383
3380
3370
3368
3366
3362
3357
3351
3348
3347
3347
3345
3341
3338
3337
3336
3331
3330
3327
3327
3324
3317
3314
3312
3311
3307
3306
3302
3301
3300
3300
3299
3299
3297
3297
3293
3292
3290
3290
3289
3286
3285
3279
3279
3277
3276
3274
3273
3270
3266
3266
3266
3265
3265
3263
3263
3262
3259
3257
3255
3250
3249
3245
3245
3244
3242
3241
3231
3228
3224
3222
3220
3220
3210
3208
3206
3205
3200
3199
3197
3197
3194
3193
3192
3191
3185
3181
3181
3179
3177
3166
3156
3154
3153
3152
3143
3142
3142
3140
3140
3138
3138
3135
3134
3134
3134
3132
3132
3130
3125
3124
3122
3118
3115
3114
3111
3111
3104
3103
3102
3102
3101
3099
3099
3097
3096
3094
3094
3093
3092
3091
3091
3090
3089
3089
3088
3086
3080
3076
3074
3072
3071
3070
3069
3067
3067
3067
3064
3063
3062
3062
3062
3061
3060
3059
3058
3058
3055
3052
3050
3050
3047
3047
3046
3045
3044
3043
3039
3036
3035
3030
3030
3030
3029
3028
3027
3026
3026
3024
3023
3023
3021
3017
3011
3002
3000
2999
2996
2993
2988
2987
2986
2986
2986
2982
2979
2972
2969
2968
2965
2964
2962
2937
2936
2933
2929
2928
2921
2917
2915
2914
2912
2909
2907
2906
2905
2903
2903
2899
2897
2896
2892
2888
2887
2885
2884
2884
2877
2876
2876
2872
2870
2869
2865
2864
2862
2862
2861
2860
2860
2860
2858
2857
2857
2853
2852
2851
2849
2847
2847
2846
2846
2845
2844
2844
2839
2832
2830
2824
2822
2821
2817
2816
2815
2812
2810
2809
2808
2806
2806
2805
2802
2801
2800
2800
2799
2798
2795
2788
2787
2787
2783
2783
2783
2776
2771
2769
2768
2768
2761
2760
2758
2758
2758
2758
2757
2757
2755
2752
2746
2746
2745
2743
2742
2738
2738
2736
2736
2736
2733
2732
2728
2723
2721
2721
2720
2715
2714
2713
2712
2711
2710
2709
2709
2705
2704
2700
2699
2697
2696
2696
2694
2693
2693
2685
2685
2684
2683
2681
2680
2680
2680
2680
2676
2676
2676
2673
2672
2672
2671
2670
2669
2668
2667
2666
2666
2665
2660
2659
2658
2656
2655
2653
2650
2649
2648
2647
2647
2646
2645
2643
2643
2642
2641
2641
2639
2638
2634
2633
2627
2625
2624
2621
2619
2618
2616
2615
2615
2612
2612
2611
2610
2608
2604
2604
2602
2602
2598
2596
2596
2595
2595
2595
2589
2587
2586
2586
2585
2584
2583
2583
2582
2580
2580
2577
2576
2575
2575
2573
2572
2570
2568
2567
2565
2563
2563
2562
2560
2559
2559
2557
2556
2555
2551
2551
2543
2540
2538
2537
2537
2537
2536
2529
2529
2527
2526
2525
2525
2524
2519
2514
2512
2509
2508
2508
2506
2505
2504
2504
2503
2502
2502
2501
2500
2500
2500
2499
2495
2492
2490
2490
2489
2485
2482
2482
2481
2481
2479
2479
2478
2477
2477
2477
2474
2474
2473
2473
2473
2473
2472
2470
2469
2468
2467
2466
2460
2457
2457
2457
2457
2456
2456
2453
2450
2450
2449
2449
2445
2442
2439
2439
2434
2433
2431
2429
2429
2428
2424
2422
2422
2422
2421
2421
2416
2414
2414
2414
2413
2412
2411
2410
2407
2407
2405
2404
2404
2403
2402
2401
2401
2401
2399
2399
2395
2394
2389
2388
2387
2387
2387
2386
2385
2384
2382
2381
2380
2379
2378
2378
2378
2377
2376
2372
2372
2371
2368
2368
2367
2366
2366
2365
2365
2365
2363
2362
2361
2360
2360
2359
2357
2356
2356
2355
2351
2350
2345
2344
2342
2341
2333
2333
2333
2332
2332
2332
2331
2330
2325
2323
2321
2321
2320
2320
2319
2319
2319
2315
2314
2314
2310
2310
2304
2303
2302
2297
2296
2294
2293
2293
2292
2292
2291
2291
2289
2286
2286
2285
2283
2283
2282
2282
2281
2276
2273
2273
2271
2271
2271
2269
2267
2266
2265
2265
2265
2261
2259
2256
2254
2251
2251
2249
2248
2246
2244
2244
2244
2243
2241
2241
2240
2239
2233
2228
2227
2225
2223
2223
2222
2221
2221
2219
2218
2215
2210
2207
2204
2202
2199
2193
2191
2185
2184
2183
2181
2176
2176
2176
2174
2173
2169
2168
2167
2166
2164
2163
2159
2158
2158
2157
2157
2149
2149
2145
2145
2142
2140
2140
2138
2138
2135
2135
2133
2133
2131
2131
2130
2129
2128
2125
2121
2120
2120
2119
2119
2119
2119
2115
2115
2112
2111
2108
2108
2105
2104
2104
2104
2104
2104
2104
2103
2099
2098
2095
2094
2089
2087
2085
2084
2084
2082
2082
2082
2081
2081
2079
2079
2075
2074
2074
2074
2072
2072
2071
2069
2067
2067
2067
2066
2065
2063
2062
2061
2061
2060
2059
2058
2055
2053
2052
2049
2047
2046
2046
2046
2044
2043
2042
2042
2040
2039
2035
2035
2035
2034
2033
2032
2032
2026
2024
2024
2021
2015
2015
2014
2010
2010
2009
2008
2005
2004
2001
1994
1994
1993
1991
1990
1985
1983
1982
1980
1979
1977
1977
1976
1976
1976
1974
1972
1971
1968
1966
1966
1965
1964
1962
1961
1959
1954
1948
1946
1946
1945
1940
1940
1936
1935
1934
1930
1929
1928
1927
1926
1925
1925
1921
1913
1912
1912
1910
1910
1908
1907
1907
1906
1905
1902
1901
1901
1901
1900
1897
1896
1893
1892
1891
1884
1880
1879
1878
1877
1876
1875
1875
1874
1872
1869
1867
1864
1862
1861
1857
1857
1854
1854
1854
1854
1849
1847
1845
1843
1842
1841
1836
1836
1834
1834
1833
1833
1832
1832
1830
1827
1825
1820
1819
1819
1816
1815
1813
1812
1812
1809
1806
1802
1800
1797
1796
1793
1792
1790
1788
1788
1783
1783
1779
1779
1778
1768
1768
1766
1763
1762
1762
1759
1757
1756
1756
1755
1753
1752
1752
1747
1745
1743
1743
1742
1740
1738
1737
1736
1732
1730
1728
1728
1725
1723
1717
1715
1712
1710
1708
1708
1707
1707
1706
1705
1703
1702
1702
1701
1700
1694
1693
1692
1692
1690
1689
1688
1686
1684
1684
1682
1682
1681
1678
1675
1674
1674
1673
1671
1668
1666
1666
1663
1662
1662
1661
1661
1655
1655
1651
1649
1649
1645
1643
1643
1643
1643
1643
1642
1642
1641
1641
1639
1637
1636
1636
1636
1635
1634
1633
1633
1629
1627
1627
1624
1624
1624
1617
1615
1615
1614
1614
1614
1614
1608
1607
1606
1605
1601
1600
1598
1595
1593
1590
1590
1589
1585
1584
1582
1582
1582
1582
1581
1577
1572
1570
1565
1565
1564
1560
1560
1559
1559
1558
1558
1557
1557
1556
1556
1555
1554
1553
1552
1547
1546
1544
1544
1544
1540
1535
1533
1533
1531
1529
1529
1526
1521
1521
1521
1520
1518
1518
1514
1506
1504
1502
1500
1496
1493
1493
1492
1491
1490
1487
1487
1484
1481
1475
1472
1471
1470
1467
1467
1467
1465
1463
1459
1457
1456
1456
1455
1454
1451
1451
1451
1450
1449
1448
1446
1445
1443
1441
1441
1440
1438
1436
1433
1432
1432
1428
1427
1419
1418
1416
1406
1405
1404
1403
1402
1402
1400
1398
1395
1395
1394
1394
1393
1380
1375
1374
1371
1371
1370
1369
1366
1366
1365
1359
1357
1356
1354
1354
1351
1349
1345
1333
1328
1327
1327
1326
1326
1324
1322
1321
1321
1318
1317
1317
1316
1316
1315
1314
1313
1307
1306
1305
1305
1304
1302
1301
1299
1297
1296
1294
1287
1285
1282
1282
1281
1280
1278
1276
1276
1276
1274
1274
1271
1270
1268
1268
1263
1262
1260
1260
1259
1256
1254
1251
1248
1247
1247
1246
1244
1244
1240
1239
1239
1236
1234
1233
1228
1227
1225
1225
1224
1223
1220
1220
1218
1217
1217
1217
1214
1214
1214
1213
1212
1212
1211
1210
1207
1206
1205
1204
1204
1202
1201
1200
1196
1194
1194
1191
1189
1184
1184
1177
1176
1174
1173
1172
1172
1169
1166
1166
1165
1164
1164
1163
1163
1163
1162
1161
1159
1159
1159
1159
1157
1150
1149
1143
1143
1143
1139
1138
1137
1136
1132
1130
1127
1126
1123
1121
1120
1118
1118
1115
1112
1109
1108
1107
1105
1093
1092
1086
1083
1081
1081
1079
1078
1077
1073
1072
1069
1063
1062
1058
1055
1053
1050
1048
1047
1046
1043
1043
1041
1041
1033
1032
1032
1023
1022
1021
1017
1017
1012
1011
1008
1007
1004
1001
997
995
995
993
992
987
987
984
979
979
977
976
975
974
974
972
971
970
970
966
964
962
960
960
953
952
945
942
941
940
933
927
927
927
926
926
925
923
919
918
917
917
915
914
913
910
910
909
905
903
900
896
896
895
891
890
889
888
886
885
879
879
877
874
872
872
869
867
866
865
864
861
858
856
855
851
850
848
844
843
841
841
840
838
838
833
833
832
831
831
831
830
830
828
828
827
827
826
825
824
823
820
820
817
813
811
808
807
807
803
803
801
799
798
797
796
796
794
792
786
781
780
778
778
776
775
772
771
763
760
759
759
758
757
757
756
756
755
753
752
750
750
749
748
748
746
744
743
743
739
737
734
733
730
730
726
724
723
722
719
717
716
715
715
707
707
707
707
705
700
700
699
696
695
690
686
686
682
681
681
680
678
678
677
676
675
674
671
667
665
664
662
662
660
660
657
655
649
647
646
644
644
641
640
640
635
634
631
631
629
628
628
627
625
624
623
623
623
622
621
621
619
617
617
607
605
604
603
602
601
596
592
591
591
590
586
585
584
584
582
582
581
574
573
571
570
569
568
563
562
562
558
555
555
555
553
553
553
552
552
548
548
545
543
542
540
539
537
537
533
531
531
531
530
530
528
528
526
523
521
520
519
517
517
516
515
515
514
509
506
505
504
502
502
499
497
497
496
495
494
490
489
488
486
486
486
485
484
480
476
476
475
473
473
470
470
469
465
465
462
461
460
459
459
455
454
452
451
447
447
446
443
443
441
433
432
431
429
429
428
421
420
417
417
417
412
409
408
408
407
407
405
405
405
404
403
403
399
398
396
390
387
386
386
386
386
383
382
381
381
374
371
371
369
368
367
365
364
363
363
359
358
355
353
353
352
352
351
351
350
350
348
348
347
346
344
343
342
340
335
333
331
331
330
329
324
322
321
319
319
317
312
311
310
306
306
304
303
298
297
295
295
294
294
291
291
290
290
289
289
284
281
280
280
279
278
277
277
274
274
271
269
268
264
264
262
261
258
254
253
249
248
247
245
244
243
243
242
239
237
236
234
233
230
230
230
228
223
222
220
213
209
209
207
201
200
197
197
197
197
196
195
195
195
192
191
191
186
185
184
183
181
180
173
171
170
169
166
165
165
165
162
162
162
161
155
153
152
147
146
139
139
136
136
134
133
132
132
131
129
128
128
127
126
126
125
125
124
123
123
122
120
120
117
115
114
114
113
113
111
108
105
105
105
100
99
97
96
95
94
94
89
85
81
74
72
70
69
66
66
65
64
57
52
51
43
36
36
32
29
28
22
21
20
20
19
19
19
18
18
15
13
11
10
9
7
7
6
5
4
1
