9998
9999
9998
9997
9996
9997
9994
9996
9994
9993
9993
9999
9993
10000
9993
9991
9991
9992
9991
9990
9989
9992
9989
9988
9987
9986
9986
9986
9986
9985
9985
9985
9985
9985
9984
9984
9992
9983
9981
9980
9979
9978
9976
9974
9973
9970
9970
9970
9969
9968
9975
9967
9966
9965
9966
9963
9989
9963
9960
9960
9959
9959
9958
9959
9958
9957
9957
9956
9957
9953
9953
9951
9950
9950
9949
9949
9970
9948
9947
9947
9945
9941
9939
9937
9939
9935
9941
9935
9934
9934
9934
9934
9932
9932
9932
9936
9931
9935
9930
9975
9930
9929
9928
9924
9918
9925
9918
9926
9918
9917
9917
9917
9917
9926
9917
9916
9916
9916
9916
9916
9915
9919
9915
9919
9915
9914
9914
9913
9913
9913
9913
9912
9914
9912
9911
9912
9911
9910
9910
9909
9909
9909
9914
9908
9905
9905
9905
9906
9903
9905
9903
9902
9902
9902
9902
9901
9901
9900
9904
9900
9899
9899
9898
9897
9897
9897
9896
9896
9896
9897
9896
9898
9895
9894
9894
9892
9890
9890
9890
9889
9889
9888
9888
9887
9892
9887
9899
9887
9886
9886
9886
9885
9885
9885
9884
9884
9884
9890
9884
9883
9883
9883
9881
9880
9880
9882
9880
9895
9880
9879
9879
9878
9876
9876
9878
9876
9875
9875
9874
9874
9872
9872
9872
9874
9872
9872
9872
9872
9872
9870
9870
9871
9870
9871
9870
9869
9868
9867
9866
9868
9866
9867
9865
9870
9865
9896
9865
9864
9864
9863
9862
9860
9859
9858
9858
9856
9861
9856
9855
9853
9853
9852
9858
9852
9851
9851
9851
9858
9851
9850
9849
9849
9847
9846
9846
9854
9846
9845
9845
9845
9843
9842
9842
9841
9841
9842
9841
9840
9840
9858
9840
9839
9839
9839
9838
9834
9836
9833
9832
9837
9832
9831
9829
9828
9831
9828
9839
9826
9824
9825
9824
9822
9822
9821
9821
9820
9823
9820
9819
9818
9819
9818
9817
9820
9817
9816
9816
9815
9815
9816
9815
9814
9814
9812
9811
9814
9811
9832
9811
9810
9809
9809
9808
9806
9806
9806
9805
9805
9805
9804
9803
9803
9804
9803
9802
9802
9802
9800
9801
9798
9803
9798
9797
9802
9797
9796
9795
9795
9796
9795
9794
9794
9793
9792
9792
9793
9792
9803
9792
9790
9790
9791
9790
9789
9788
9787
9787
9787
9784
9784
9786
9784
9786
9784
9781
9783
9781
9779
9780
9779
9780
9779
9783
9778
9777
9777
9777
9776
9775
9775
9774
9774
9776
9774
9773
9782
9772
9771
9768
9768
9768
9768
9766
9766
9766
9766
9765
9765
9765
9765
9765
9765
9765
9764
9764
9763
9763
9766
9763
9762
9762
9761
9759
9760
9759
9758
9796
9757
9755
9754
9752
9755
9752
9751
9751
9751
9751
9751
9751
9754
9751
9750
9750
9750
9749
9748
9754
9748
9746
9747
9746
9745
9744
9743
9743
9743
9742
9741
9748
9741
9739
9738
9740
9738
9735
9736
9733
9732
9740
9732
9731
9731
9730
9730
9736
9730
9729
9728
9726
9725
9726
9725
9726
9725
9724
9724
9723
9722
9722
9721
9721
9721
9720
9719
9717
9716
9718
9716
9719
9716
9715
9715
9713
9715
9713
9715
9713
9712
9712
9714
9711
9709
9710
9709
9712
9709
9718
9709
9708
9708
9707
9706
9707
9706
9705
9707
9704
9704
9704
9722
9704
9703
9703
9702
9701
9701
9700
9699
9702
9699
9697
9698
9697
9696
9695
9695
9695
9694
9696
9693
9692
9691
9691
9693
9691
9690
9690
9690
9690
9689
9689
9687
9688
9687
9686
9695
9685
9684
9683
9684
9682
9684
9682
9690
9682
9681
9681
9681
9681
9680
9680
9680
9679
9678
9677
9677
9677
9677
9675
9675
9675
9674
9674
9675
9674
9673
9673
9673
9672
9675
9671
9668
9668
9668
9670
9667
9666
9668
9666
9668
9666
9698
9666
9665
9663
9663
9664
9663
9662
9662
9661
9663
9661
9660
9658
9658
9658
9660
9657
9656
9654
9654
9653
9652
9655
9652
9651
9651
9650
9649
9649
9655
9649
9647
9647
9664
9646
9644
9643
9642
9642
9641
9639
9641
9639
9640
9639
9638
9637
9635
9635
9635
9636
9635
9635
9635
9633
9633
9636
9633
9632
9632
9630
9630
9628
9628
9626
9626
9628
9626
9627
9626
9625
9625
9624
9623
9625
9623
9632
9623
9663
9623
9622
9621
9621
9617
9621
9617
9616
9616
9615
9615
9614
9613
9611
9611
9614
9611
9610
9609
9609
9610
9609
9609
9609
9608
9608
9608
9606
9606
9607
9606
9605
9605
9605
9605
9620
9605
9603
9603
9602
9601
9600
9601
9600
9600
9600
9599
9599
9598
9598
9599
9598
9597
9597
9591
9595
9591
9590
9589
9589
9594
9589
9588
9588
9588
9588
9587
9587
9659
9587
9586
9585
9585
9585
9585
9583
9584
9583
9581
9581
9579
9579
9581
9579
9579
9579
9578
9576
9577
9576
9575
9575
9575
9580
9573
9572
9571
9571
9571
9569
9570
9569
9568
9568
9567
9572
9567
9563
9563
9563
9566
9562
9563
9562
9561
9561
9561
9563
9561
9560
9560
9560
9559
9562
9559
9558
9558
9557
9561
9557
9556
9556
9555
9555
9553
9553
9553
9553
9552
9553
9552
9551
9550
9551
9550
9549
9549
9547
9548
9547
9549
9547
9546
9544
9545
9544
9589
9543
9542
9541
9541
9542
9541
9537
9537
9539
9537
9535
9534
9536
9534
9533
9541
9533
9531
9531
9531
9532
9531
9529
9528
9527
9529
9527
9525
9524
9526
9524
9523
9522
9521
9520
9523
9519
9523
9519
9518
9517
9516
9517
9516
9516
9516
9519
9515
9514
9512
9512
9512
9510
9510
9509
9509
9508
9525
9508
9516
9508
9507
9507
9507
9506
9506
9506
9511
9506
9505
9504
9512
9503
9502
9501
9500
9500
9499
9498
9498
9498
9498
9497
9497
9497
9496
9496
9495
9495
9496
9493
9502
9493
9492
9492
9491
9490
9490
9488
9489
9488
9490
9488
9487
9494
9486
9485
9485
9485
9483
9484
9483
9482
9482
9482
9484
9482
9481
9483
9481
9479
9479
9478
9478
9500
9477
9476
9476
9474
9473
9474
9473
9472
9472
9471
9474
9471
9469
9469
9469
9468
9468
9466
9466
9467
9466
9462
9465
9462
9470
9462
9460
9459
9459
9460
9459
9457
9455
9455
9454
9453
9482
9453
9452
9452
9452
9452
9450
9450
9450
9450
9452
9450
9449
9449
9449
9449
9449
9448
9446
9445
9448
9445
9442
9444
9442
9441
9441
9444
9441
9440
9439
9443
9439
9437
9436
9436
9434
9438
9434
9433
9433
9432
9431
9432
9431
9445
9431
9430
9428
9428
9428
9428
9426
9426
9426
9427
9426
9429
9426
9424
9423
9430
9423
9421
9418
9418
9417
9417
9415
9414
9414
9413
9413
9413
9425
9413
9412
9412
9412
9411
9410
9409
9409
9409
9409
9406
9405
9404
9405
9404
9403
9402
9402
9401
9400
9423
9400
9399
9398
9396
9397
9396
9397
9396
9395
9395
9395
9395
9394
9395
9394
9394
9394
9393
9392
9393
9392
9390
9389
9390
9389
9388
9388
9392
9388
9387
9386
9386
9386
9385
9385
9384
9383
9382
9382
9383
9382
9380
9380
9380
9379
9388
9379
9377
9377
9376
9376
9375
9374
9373
9376
9372
9371
9371
9373
9371
9369
9368
9368
9368
9368
9402
9368
9367
9367
9366
9365
9365
9366
9365
9363
9364
9363
9366
9363
9362
9365
9362
9361
9361
9363
9361
9451
9361
9360
9359
9360
9359
9359
9359
9358
9358
9357
9358
9357
9355
9356
9355
9360
9354
9352
9352
9352
9351
9350
9350
9351
9350
9349
9348
9348
9347
9347
9348
9347
9346
9346
9345
9345
9345
9345
9343
9343
9343
9342
9339
9338
9342
9338
9337
9337
9336
9336
9336
9348
9336
9335
9334
9334
9333
9332
9332
9332
9330
9329
9329
9328
9326
9326
9325
9323
9324
9321
9320
9319
9319
9319
9324
9319
9317
9324
9317
9320
9316
9314
9314
9314
9315
9314
9327
9314
9312
9310
9308
9308
9308
9327
9308
9405
9307
9303
9302
9305
9302
9303
9302
9301
9301
9301
9301
9305
9301
9298
9299
9298
9299
9298
9296
9299
9296
9302
9295
9293
9294
9293
9291
9291
9289
9288
9295
9287
9284
9284
9284
9284
9284
9283
9282
9282
9282
9282
9284
9282
9281
9281
9281
9280
9280
9277
9276
9276
9275
9275
9276
9274
9281
9274
9273
9273
9272
9271
9270
9268
9267
9267
9267
9266
9266
9266
9266
9271
9266
9265
9265
9263
9262
9261
9261
9261
9263
9260
9259
9258
9259
9258
9257
9256
9256
9253
9252
9257
9252
9251
9250
9251
9250
9248
9246
9251
9246
9245
9244
9244
9244
9244
9249
9244
9243
9243
9241
9240
9242
9240
9239
9243
9238
9237
9237
9245
9237
9236
9236
9236
9235
9235
9235
9234
9234
9232
9233
9232
9231
9228
9231
9228
9233
9228
9228
9228
9226
9226
9225
9224
9223
9219
9218
9223
9218
9217
9217
9216
9216
9217
9216
9216
9216
9223
9215
9220
9215
9214
9214
9213
9211
9211
9210
9210
9209
9209
9209
9207
9206
9206
9205
9205
9205
9206
9205
9204
9204
9203
9203
9203
9203
9207
9203
9218
9203
9202
9201
9201
9200
9199
9198
9198
9198
9197
9197
9196
9195
9196
9195
9201
9195
9194
9194
9192
9189
9191
9189
9192
9189
9188
9188
9188
9187
9199
9187
9186
9185
9184
9184
9184
9182
9182
9182
9181
9180
9179
9179
9181
9178
9177
9177
9175
9179
9174
9172
9172
9172
9172
9172
9171
9171
9171
9170
9168
9168
9168
9172
9168
9167
9164
9167
9164
9163
9164
9163
9183
9163
9161
9161
9162
9161
9160
9159
9159
9158
9159
9158
9160
9158
9157
9157
9157
9156
9154
9153
9153
9174
9152
9150
9150
9150
9151
9149
9151
9149
9148
9149
9148
9147
9149
9147
9146
9145
9142
9144
9140
9142
9139
9138
9134
9136
9134
9133
9137
9133
9144
9133
9132
9131
9130
9130
9130
9130
9129
9129
9129
9129
9128
9128
9126
9126
9124
9125
9124
9138
9124
9123
9121
9123
9121
9122
9121
9120
9120
9121
9120
9119
9119
9117
9116
9143
9116
9115
9115
9114
9114
9113
9113
9141
9112
9109
9108
9108
9107
9108
9107
9109
9107
9111
9107
9106
9105
9104
9104
9106
9103
9100
9100
9106
9100
9099
9099
9097
9099
9097
9108
9096
9095
9095
9094
9151
9094
9093
9093
9092
9092
9092
9092
9088
9088
9088
9087
9086
9086
9087
9085
9084
9084
9084
9084
9084
9083
9083
9083
9083
9079
9086
9079
9253
9079
9078
9077
9076
9075
9075
9073
9074
9072
9071
9071
9075
9071
9070
9068
9069
9067
9066
9066
9065
9065
9064
9063
9063
9065
9063
9061
9062
9061
9060
9058
9058
9058
9057
9057
9056
9055
9061
9055
9054
9054
9054
9053
9053
9052
9051
9050
9049
9053
9049
9048
9061
9048
9047
9047
9046
9045
9044
9044
9043
9043
9043
9042
9042
9069
9042
9040
9037
9040
9037
9039
9037
9037
9037
9036
9036
9036
9034
9031
9031
9027
9027
9031
9027
9026
9026
9026
9026
9024
9024
9025
9024
9039
9024
9023
9023
9023
9022
9022
9022
9022
9022
9021
9021
9021
9021
9020
9020
9019
9019
9018
9017
9017
9017
9018
9017
9016
9017
9016
9020
9016
9015
9019
9015
9014
9014
9069
9014
9013
9013
9013
9012
9013
9012
9013
9011
9009
9009
9009
9010
9009
9008
9007
9007
9007
9006
9005
9005
9003
9002
9002
9005
9001
9000
9000
8999
9005
8999
8998
8998
8997
8996
8998
8996
8995
8994
8993
8993
8992
8992
8993
8992
8990
8990
8991
8990
8991
8987
8993
8987
8986
8986
8984
8984
8984
8984
8982
8982
8981
8983
8981
8980
8980
8979
8980
8978
8980
8978
8995
8977
8976
8976
8976
8975
8976
8975
8986
8975
8973
8974
8973
8972
8972
8969
8967
8970
8967
8968
8967
8972
8967
8963
8964
8962
8962
8962
8961
8960
8965
8960
8966
8959
8961
8959
8958
8958
8958
8958
8956
8955
8955
8954
8953
8953
8951
8951
8952
8951
8955
8950
8949
8949
8948
8948
8948
8948
8948
8944
8945
8944
8947
8944
8943
8943
8943
8943
8956
8942
8941
8940
8939
8939
8936
8936
8935
8938
8934
8939
8934
8933
8933
8932
8931
8931
8930
8964
8930
8929
8929
8928
8927
8927
8927
8926
8923
8923
8922
8921
8921
8921
8920
8919
8918
8918
8917
8916
8915
8915
8915
8915
8915
8915
8911
8914
8911
8910
8910
8910
8910
8908
8907
8907
8908
8906
8905
8904
8905
8904
8902
8901
8900
8900
8900
8900
8898
8897
8899
8896
8896
8895
8892
8890
8886
8885
8891
8885
8883
8883
8884
8882
8881
8880
8879
8900
8879
8878
8878
8878
8877
8878
8877
8876
8876
8875
8875
8875
8875
8874
8873
8873
8871
8871
8871
8870
8870
8868
8868
8866
8865
8874
8865
8864
8864
8862
8861
8863
8861
8860
8859
8864
8859
8862
8859
8858
8858
8857
8857
8857
8857
8856
8856
8855
8854
8855
8854
8858
8854
8853
8852
8852
8851
8852
8851
8852
8850
8853
8850
8848
8848
8845
8848
8845
8847
8845
8844
8844
8843
8843
8848
8841
8840
8840
8845
8840
8850
8840
8839
8839
8837
8837
8836
8836
8835
8835
8832
8832
8839
8832
8831
8831
8831
8829
8830
8828
8829
8828
8827
8827
8827
8827
8826
8830
8825
8824
8824
8824
8824
8824
8821
8821
8819
8819
8818
8823
8818
8823
8817
8816
8816
8815
8821
8815
8815
8815
8814
8896
8814
8813
8813
8813
8813
8811
8810
8810
8808
8809
8806
8808
8806
8805
8805
8805
8811
8805
8804
8805
8804
8803
8803
8802
8801
8800
8800
8797
8797
8795
8797
8795
8801
8795
8794
8793
8793
8793
8792
8792
8792
8791
8790
8791
8790
8789
8789
8788
8793
8788
9040
8787
8784
8783
8782
8782
8786
8781
8786
8781
8782
8781
8783
8779
8780
8779
8778
8778
8778
8778
8777
8777
8777
8774
8777
8774
8776
8774
8772
8772
8772
8770
8770
8768
8768
8765
8764
8765
8761
8760
8760
8760
8764
8759
8758
8761
8757
8756
8756
8756
8755
8755
8753
8753
8752
8751
8751
8751
8754
8751
8750
8750
8750
8752
8750
8749
8749
8749
8749
8758
8749
8748
8746
8746
8745
8744
8743
8743
8742
8742
8739
8739
8738
8738
8738
8739
8738
8737
8733
8738
8733
8732
8732
8732
8731
8730
8731
8730
8730
8728
8731
8727
8725
8726
8724
8723
8722
8722
8720
8720
8720
8720
8746
8720
8717
8715
8715
8715
8715
8714
8713
8712
8711
8710
8708
8707
8705
8705
8710
8705
8703
8703
8702
8701
8700
8700
8700
8700
8701
8700
8699
8698
8697
8697
8694
8693
8691
8690
8689
8687
8686
8688
8686
8684
8684
8683
8685
8683
8682
8682
8682
8681
8681
8681
8685
8681
8689
8681
8692
8681
8680
8679
8679
8679
8679
8679
8679
8677
8676
8679
8676
8675
8675
8675
8673
8672
8672
8670
8671
8670
8675
8670
8669
8669
8846
8669
8668
8667
8667
8667
8665
8667
8665
8663
8662
8668
8662
8661
8661
8664
8660
8656
8656
8657
8656
8659
8656
8656
8655
8654
8654
8666
8654
8648
8653
8648
8648
8648
8650
8648
8646
8646
8646
8646
8646
8644
8644
8644
8647
8643
8647
8643
8645
8643
8641
8646
8641
8641
8641
8640
8640
8640
8639
8638
8640
8638
8637
8636
8637
8636
8635
8634
8634
8632
8632
8632
8634
8632
8634
8632
8631
8631
8630
8630
8630
8628
8629
8628
8642
8628
8627
8627
8626
8625
8623
8624
8623
8622
8626
8621
8627
8621
8619
8619
8619
8623
8617
8621
8617
8616
8615
8616
8614
8613
8613
8613
8613
8612
8611
8608
8606
8610
8605
8606
8605
8604
8604
8603
8603
8603
8602
8602
8601
8601
8602
8601
8600
8599
8600
8599
8598
8597
8597
8596
8622
8596
8595
8594
8594
8593
8593
8592
8595
8592
8591
8591
8591
8591
8590
8589
8589
8588
8587
8588
8587
8586
8586
8586
8584
8582
8585
8582
8581
8581
8580
8583
8580
8584
8580
8577
8579
8577
8575
8574
8574
8574
8575
8574
8574
8574
9411
8574
8573
8573
8573
8573
8572
8572
8572
8571
8571
8570
8572
8570
8569
8569
8567
8566
8566
8566
8564
8564
8564
8564
8565
8564
8563
8563
8563
8570
8563
8561
8562
8560
8560
8560
8557
8557
8555
8556
8555
8554
8554
8553
8553
8553
8552
8551
8553
8551
8550
8561
8549
8548
8547
8544
8544
8543
8541
8544
8541
8540
8540
8538
8539
8538
8539
8538
8537
8542
8537
8548
8537
8536
8536
8535
8533
8532
8532
8532
8533
8532
8528
8527
8529
8527
8526
8528
8526
8524
8524
8554
8524
8522
8523
8522
8521
8520
8518
8516
8516
8515
8518
8514
8519
8513
8511
8511
8516
8511
8508
8508
8509
8508
8508
8508
8507
8506
8506
8504
8504
8505
8504
8504
8504
8502
8503
8502
8500
8520
8500
8499
8499
8498
8497
8498
8497
8496
8496
8496
8498
8496
8495
8495
8492
8491
8488
8488
8492
8486
8484
8490
8484
8495
8484
8482
8483
8482
8483
8482
8490
8482
8481
8480
8481
8480
8513
8480
8478
8479
8478
8477
8477
8476
8476
8475
8474
8474
8474
8477
8474
8473
8472
8471
8471
8471
8470
8478
8470
8469
8469
8469
8468
8467
8467
8467
8467
8466
8466
8464
8464
8469
8464
8477
8464
8463
8459
8460
8459
8457
8463
8457
8458
8457
8454
8454
8453
8453
8453
8453
8452
8451
8451
8451
8449
8450
8449
8449
8449
8447
8446
8445
8446
8445
8449
8445
8451
8445
8444
8444
8444
8465
8444
8442
8442
8440
8439
8439
8439
8442
8439
8442
8439
8438
8437
8439
8437
8436
8435
8435
8434
8436
8434
8433
8431
8429
8428
8428
8432
8428
8427
8427
8430
8426
8425
8424
8424
8424
8464
8424
8423
8423
8422
8422
8421
8423
8421
8420
8420
8422
8420
8415
8416
8415
8416
8415
8414
8414
8414
8414
8417
8413
8415
8413
8412
9313
8412
8409
8410
8409
8408
8408
8408
8408
8408
8408
8407
8407
8407
8406
8406
8406
8405
8405
8405
8405
8405
8404
8404
8409
8404
8402
8402
8401
8403
8401
8400
8399
8397
8399
8397
8398
8397
8396
8396
8395
8396
8394
8393
8392
8391
8391
8390
8390
8390
8390
8389
8389
8389
8386
8386
8385
8389
8385
8383
8382
8381
8381
8380
8382
8380
8379
8378
8378
8378
8379
8378
8377
8377
8376
8375
8373
8375
8373
8372
8374
8371
8370
8370
8370
8370
8369
8368
8368
8373
8368
8371
8367
8364
8364
8364
8363
8363
8363
8363
8362
8360
8359
8361
8359
8358
8379
8358
8356
8356
8356
8379
8356
8355
8352
8352
8351
8354
8351
8351
8351
8351
8351
8350
8349
8349
8349
8348
8348
8346
8347
8346
8347
8346
8345
8345
8345
8344
8346
8344
8353
8343
8342
8341
8341
8341
8339
8339
8337
8364
8337
8336
8335
8335
8335
8334
8333
8331
8331
8333
8331
8330
8329
8329
8333
8329
8328
8327
8326
8326
8325
8325
8328
8325
8324
8324
8323
8324
8322
8321
8321
8321
8320
8320
8320
8320
8319
8318
8318
8317
8316
8316
8316
8315
8315
8315
8324
8315
8321
8315
8313
8314
8313
8313
8313
8311
8309
8308
8308
8309
8308
8306
8305
8307
8304
8303
8303
8305
8303
8302
8302
8302
8304
8302
8315
8302
9298
8302
8300
8300
8299
8301
8299
8297
8296
8296
8295
8296
8295
8299
8294
8293
8292
8298
8292
8290
8290
8289
8288
8288
8287
8287
8286
8282
8282
8281
8281
8280
8284
8280
8279
8279
8286
8279
8280
8279
8278
8278
8278
8284
8278
8277
8277
8277
8277
8276
8276
8275
8274
8284
8273
8271
8270
8270
8270
8270
8268
8268
8267
8267
8267
8267
8267
8266
8275
8265
8262
8263
8262
8260
8260
8260
8260
8260
8259
8262
8259
8258
8257
8258
8255
8254
8253
8252
8254
8252
8250
8250
8248
8247
8248
8247
8252
8247
8256
8247
8245
8245
8245
8244
8244
8243
8243
8243
8246
8241
8240
8239
8238
8238
8269
8238
8237
8235
8235
8234
8234
8234
8232
8237
8232
8230
8230
8231
8230
8229
8236
8229
8227
8227
8227
8227
8227
8224
8225
8223
8222
8222
8221
8220
8220
8218
8217
8219
8217
8224
8216
8214
8213
8213
8213
8213
8212
8210
8209
8208
8207
8208
8207
8206
8206
8205
8204
8204
8204
8213
8204
8202
8202
8209
8202
8201
8201
8201
8201
8201
8214
8201
8200
8200
8200
8200
8199
8199
8198
8196
8196
8196
8195
8193
8199
8192
8191
8190
8191
8189
8188
8188
8188
8199
8187
8185
8184
8185
8184
8182
8182
8182
8182
8185
8181
8181
8181
8191
8181
8199
8181
8180
8180
8179
8179
8179
8178
8178
8178
8178
8180
8176
8175
8175
8173
8174
8173
8172
8172
8172
8170
8170
8168
8167
8166
8166
8167
8166
8165
8164
8163
8171
8162
8161
8161
8161
8160
8161
8160
8159
8159
8159
8158
8157
8155
8156
8155
8157
8154
8151
8155
8151
8157
8151
8150
8159
8150
8149
8147
8146
8146
8148
8146
8145
8148
8143
8142
8141
8148
8141
8140
8140
8140
8139
8140
8139
8138
8138
8140
8138
8137
8136
8136
8136
8146
8136
8135
8135
8134
8134
8133
8133
8132
8135
8130
8129
8129
8129
8129
8129
8128
8128
8128
8135
8127
8126
8126
8126
8126
8124
8124
8124
8123
8122
8124
8122
8124
8122
8121
8121
8121
8121
8138
8121
8120
8118
8220
8118
8117
8116
8116
8116
8115
8112
8112
8111
8111
8111
8114
8111
8110
8110
8109
8109
8108
8112
8108
8107
8106
8105
8105
8106
8105
8104
8104
8111
8104
8103
8103
8103
8103
8103
8102
8222
8102
8101
8100
8099
8099
8099
8098
8098
8098
8096
8096
8097
8095
8093
8094
8092
8092
8092
8091
8091
8090
8090
8089
8088
8089
8088
8095
8088
8101
8088
8086
8086
8085
8085
8083
8082
8082
8079
8080
8079
8078
8078
8077
8076
8074
8080
8074
8073
8073
8090
8073
8071
8070
8069
8071
8068
8067
8067
8066
8066
8076
8066
8094
8066
8063
8062
8062
8065
8062
8061
8061
8060
8059
8059
8058
8056
8056
8055
8055
8054
8054
8054
8053
8054
8053
8052
8052
8054
8050
8049
8048
8048
8047
8046
8046
8046
8046
8044
8046
8044
8046
8044
8043
8043
8041
8041
8040
8040
8040
8045
8040
8039
8037
8035
8035
8036
8035
8033
8033
8034
8033
8039
8033
8032
8032
8032
8032
8038
8032
8030
8029
8029
8064
8029
8027
8027
8027
8027
8026
8025
8025
8025
8023
8022
8022
8021
8020
8020
8019
8019
8017
8016
8017
8016
8026
8016
8014
8014
8012
8014
8012
8011
8011
8010
8028
8010
8009
8008
8009
8008
8007
8007
8005
8007
8004
8003
8003
8001
8001
8001
8002
8001
8000
7999
7998
8001
7998
7997
7996
7995
7995
7994
7998
7994
7993
7993
7992
7992
7990
7990
7991
7990
7989
7989
7988
7989
7988
8005
7988
7987
7987
7987
7987
7987
7984
7984
7985
7983
7982
7982
7984
7982
7981
7981
7980
7981
7980
7980
7979
7978
7978
7977
7977
7978
7977
8116
7977
7975
7975
7974
7974
7973
7972
7971
7969
7969
7969
7968
7976
7968
7964
7965
7964
7967
7964
7965
7964
7963
7962
7962
7960
7962
7959
7960
7959
7959
7957
7956
7954
7954
7956
7954
7952
7952
7952
7951
7950
7950
7951
7950
7949
7949
7947
7947
7946
7944
7941
7940
7940
7940
7939
7951
7939
7938
7938
7937
7936
7936
7936
7936
7934
7934
7932
7932
7931
7930
7929
7929
7929
7929
7933
7929
7934
7929
7928
7926
7926
7947
7926
7924
7924
7924
7924
7921
7921
7921
7921
7920
7920
7919
7919
7919
7935
7919
7918
7918
7914
7917
7914
7913
7913
7915
7913
7912
7911
7910
7910
7910
7910
7909
7909
7908
7908
7907
7906
7907
7906
7904
7904
7904
7905
7904
7902
7907
7902
7907
7902
7901
7900
7898
7897
7898
7896
7896
7896
7895
7898
7895
7915
7895
7894
7893
7893
7893
7893
7893
7894
7893
7892
7891
7890
7892
7890
7888
7888
7886
7886
7885
7885
7883
7882
7882
7881
7881
7882
7881
7880
7880
7879
7879
7878
7878
7878
7878
7877
7876
7877
7874
7873
7873
7876
7873
7872
7872
7909
7872
7871
7871
7871
7870
7870
7870
7868
7867
7867
7868
7867
7866
7869
7866
7865
7865
7861
7865
7861
7860
7858
7856
7860
7856
7857
7856
7855
7854
7854
7854
7854
7853
7851
7853
7851
7850
7850
7853
7850
7849
7848
7848
7865
7846
7842
7845
7842
7916
7842
7839
7839
7839
7839
7838
7838
7841
7838
7837
7836
7836
7835
7841
7835
7839
7835
7833
7833
7832
7833
7831
7831
7831
7830
7830
7830
7829
7828
7827
7828
7827
7826
7826
7826
7825
7825
7825
7828
7825
7824
7823
7823
7822
7822
7819
7824
7818
7820
7818
7817
7817
7817
7817
7857
7817
7816
7816
7815
7816
7815
7814
7814
7814
7814
7813
7813
7813
7812
7810
7810
7810
7814
7809
7808
7808
7808
7807
7807
7806
7806
7806
7805
7805
7806
7805
7804
7803
7803
7802
7801
7801
7801
7800
7800
7799
7799
7799
7808
7799
7798
7796
7796
7796
7796
7796
7797
7796
7795
7795
7793
7794
7793
7792
7791
7790
7793
7790
7789
7789
7787
7787
7787
7786
7786
7787
7785
7795
7785
7783
7783
7780
7779
7778
7778
7777
7780
7777
7791
7777
7776
7775
7774
7775
7774
7772
7774
7772
7771
7771
7769
7770
7769
7768
7768
7768
7767
7766
7763
7766
7763
7763
7763
7766
7763
7762
7760
7759
8228
7758
7757
7757
7756
7756
7755
7755
7755
7752
7752
7751
7754
7751
7749
7749
7749
7749
7749
7748
7746
7746
7746
7746
7746
7745
7743
7745
7743
7742
7742
7742
7748
7741
7739
7739
7738
7736
7736
7733
7733
7732
7733
7731
7740
7731
7729
7729
7728
7727
7728
7727
7725
7725
7725
7723
7721
7723
7721
7720
7720
7734
7720
7719
7718
7718
7716
7715
7715
7712
7711
7715
7711
7710
7740
7710
7709
7709
7709
7706
7706
7703
7702
7705
7702
7709
7702
7699
7699
7700
7699
7698
7698
7697
7698
7696
7695
7695
7695
7695
7694
7692
7692
7726
7692
7689
7689
7687
7688
7687
7686
7686
7685
7684
7684
7686
7684
7683
7683
7683
7682
7679
7681
7679
7681
7679
7678
7678
7678
7684
7678
7676
7676
7673
7674
7671
7670
7666
7665
7669
7665
7664
7664
7662
7662
7669
7662
7661
7661
7661
7660
7660
7660
7659
7667
7659
7657
7658
7657
7662
7656
7655
7654
7655
7654
7653
7653
7653
7652
7658
7652
7651
7651
7651
7686
7651
7649
7649
7647
7646
7646
7645
7645
7644
7644
7642
7641
7641
7640
7640
7642
7640
7638
7638
7645
7638
7637
7637
7646
7637
7636
7636
7636
7636
7634
7633
7633
7635
7633
7632
7632
7630
7628
7634
7628
7627
7647
7626
7625
7624
7624
7624
7625
7623
7622
7624
7621
7620
7620
7620
7619
7619
7618
7618
7618
7617
7615
7615
7614
7613
7613
7617
7613
7622
7613
7612
7651
7612
7611
7611
7611
7610
7610
7610
7610
7609
7609
7608
7608
7610
7608
7680
7608
7607
7605
7607
7604
7607
7604
7603
7603
7603
7603
7603
7603
7603
7600
7599
7602
7599
7601
7599
7598
7597
7600
7597
7596
7598
7595
7594
7593
7592
7592
7591
7590
7590
7590
7591
7590
7595
7590
7589
7589
7589
7589
7588
7587
7586
7589
7586
7585
7585
7584
7583
7584
7583
7582
7582
7582
7586
7582
7581
7580
7580
7580
7580
7579
7578
7576
7576
7576
7575
7574
7573
7573
7574
7572
7571
7571
7573
7571
7570
7570
7570
7569
7569
7569
7569
7568
7568
7571
7568
7566
7565
7564
7566
7564
7563
7561
7562
7561
7561
7561
7560
7560
7559
7559
7558
7561
7558
7559
7558
7563
7558
7557
7558
7557
7556
7556
7554
7557
7553
7552
7551
7552
7550
7549
7550
7549
7548
7548
7547
7547
7545
7546
7545
7589
7545
7544
7543
7542
7542
7541
7541
7540
7543
7540
7539
7538
7537
7536
7536
7536
7534
7532
7530
7530
7529
7529
7529
7527
7527
7527
7528
7526
7523
7523
7525
7523
7525
7522
7521
7521
7525
7521
7525
7521
7520
7520
7519
7520
7519
7518
7518
7517
7518
7516
7515
7515
7514
7517
7513
7512
7512
7512
7533
7512
7511
7511
7511
7510
7510
7510
7509
7509
7508
7508
7507
7507
7507
7506
7506
7503
7518
7503
7502
7501
7501
7501
7502
7501
7500
7500
7502
7500
7499
7498
7498
7498
7497
7497
7495
7495
7495
7495
7494
7494
7493
7492
7492
7491
7491
7492
7491
7490
7490
7490
7487
7487
7487
7486
7486
7485
7489
7483
7482
7482
7481
7481
7482
7481
7481
7481
7486
7481
7479
7479
7479
7478
7477
7476
7474
7472
7485
7472
7471
7471
7470
7470
7468
7467
7467
7467
7469
7466
7466
7466
7465
7464
7464
7464
7460
7463
7460
7465
7460
7469
7460
7459
7458
7458
7458
7457
7457
7456
7456
7456
7455
7455
7455
7455
7454
7453
7452
7452
7451
7451
7450
7450
7450
7450
7471
7450
7449
7449
7448
7448
7447
7445
7449
7444
7443
7442
7442
7441
7441
7441
7442
7441
7440
7438
7438
7438
7438
7438
7436
7436
7442
7436
7442
7436
7434
7435
7434
7434
7434
7433
7434
7432
7430
7428
7427
7427
7427
7426
7426
7426
7426
7426
7449
7425
7424
7424
7424
7423
7422
7422
7422
7421
7420
7420
7419
7418
7423
7418
7417
7415
7412
7411
7411
7407
7407
7409
7407
7415
7406
7405
7404
7404
7403
7403
7402
7408
7402
7407
7402
7399
7399
7400
7399
7397
7397
7396
7395
7396
7395
7394
7398
7394
7393
7392
7391
7390
7388
7394
7388
7387
7400
7386
7385
7384
7385
7384
7383
7383
7385
7383
7382
7381
7379
7378
7378
7383
7378
7376
7372
7376
7372
7375
7372
7376
7372
7370
7369
7371
7369
7367
7367
7366
7365
7367
7364
7362
7361
7363
7361
7366
7361
7360
7373
7360
7393
7360
7359
7359
7359
7458
7358
7357
7357
7357
7356
7356
7355
7354
7357
7354
7353
7353
7352
7352
7350
7349
7349
7348
7348
7347
7347
7346
7509
7346
7345
7344
7344
7343
7342
7344
7342
7342
7341
7340
7339
7339
7338
7338
7337
7337
7337
7341
7337
7336
7336
7344
7336
7335
7335
7334
7334
7334
7334
7334
7333
7333
7332
7332
7337
7332
7331
7330
7330
7330
7329
7329
7563
7329
7328
7328
7328
7327
7327
7327
7326
7325
7325
7324
7324
7323
7323
7322
7321
7324
7321
7320
7320
7319
7319
7319
7319
7318
7321
7318
7317
7317
7314
7698
7314
7312
7312
7311
7311
7310
7309
7310
7309
7310
7307
7306
7305
7304
7303
7306
7303
7302
7302
7299
7298
7297
7295
7305
7295
7294
7294
7293
7293
7294
7293
7292
7310
7291
7290
7290
7290
7289
7289
7289
7288
7289
7288
7287
7286
7293
7285
7284
7284
7283
7282
7281
7283
7281
7280
7279
7279
7278
7280
7278
7278
7278
7276
7276
7275
7277
7275
7273
7271
7274
7271
7270
7270
7277
7270
7269
7268
7265
7267
7265
7264
7264
7263
7263
7268
7262
7261
7261
7261
7261
7261
7260
7260
7260
7276
7260
7258
7256
7256
7255
7256
7255
7254
7254
7258
7254
7253
7253
7252
7251
7250
7249
7252
7247
7246
7245
7245
7245
7250
7245
7244
7242
7242
7242
7244
7242
7240
7240
7240
7252
7240
7239
7239
7237
7236
7236
7239
7236
7235
7234
7234
7232
7233
7232
7231
7231
7229
7227
7226
7224
7224
7228
7224
7225
7224
7223
7224
7223
7221
7221
7221
7228
7221
7227
7221
7220
7219
7220
7219
7218
7216
7215
7215
7213
7214
7213
7214
7212
7212
7211
7210
7210
7209
7209
7209
7208
7207
7207
7207
7206
7205
7204
7204
7203
7203
7203
7222
7203
7202
7202
7201
7202
7201
7200
7199
7199
7199
7198
7199
7198
7198
7198
7197
7195
7195
7195
7195
7194
7193
7192
7192
7192
7191
7189
7189
7189
7189
7196
7188
7186
7185
7185
7184
7186
7184
7184
7184
7183
7183
7183
7182
7182
7181
7180
7180
7180
7178
7178
7178
7178
7178
7177
7177
7177
7176
7176
7618
7176
7175
7175
7174
7175
7174
7171
7171
7170
7170
7170
7170
7171
7170
7169
7169
7169
7166
7165
7169
7164
7163
7163
7167
7163
7162
7169
7162
7164
7162
7170
7162
7161
7160
7159
7158
7160
7158
7157
7156
7175
7156
7155
7153
7153
7152
7151
7151
7148
7147
7147
7147
7145
7146
7145
7144
7144
7143
7143
7142
7140
7142
7139
7144
7139
7138
7138
7138
7153
7138
7137
7137
7136
7137
7136
7150
7136
7755
7136
7134
7133
7134
7133
7132
7132
7132
7132
7130
7131
7130
7130
7130
7129
7129
7128
7128
7127
7135
7127
7126
7123
7124
7123
7125
7123
7123
7123
7122
7121
7125
7121
7126
7121
7119
7117
7120
7117
7116
7116
7116
7116
7112
7111
7112
7111
7109
7109
7117
7107
7115
7107
7105
7105
7105
7105
7105
7104
7103
7103
7101
7101
7101
7100
7100
7099
7098
7098
7097
7098
7097
7103
7097
7095
7095
7094
7095
7093
7116
7092
7090
7090
7089
7088
7087
7087
7087
7086
7086
7086
7367
7086
7085
7085
7085
7084
7083
7083
7084
7083
7082
7082
7082
7081
7077
7080
7076
7075
7075
7074
7074
7075
7073
7072
7072
7071
7069
7069
7069
7074
7069
7068
7068
7068
7068
7066
7065
7065
7065
7064
7064
7065
7064
7067
7064
7063
7063
7062
7062
7062
7061
7061
7060
7060
7056
7055
7056
7055
7058
7054
7053
7052
7052
7051
7051
7051
7061
7051
7050
7049
7049
7050
7049
7046
7050
7045
7050
7045
7044
7046
7043
7045
7043
7042
7042
7041
7041
7040
7042
7040
7042
7040
7039
7039
7038
7039
7038
7038
7038
7045
7035
7032
7032
7031
7033
7031
7034
7031
7036
7031
7030
7029
7029
7029
7030
7029
7028
7028
7028
7028
7025
7028
7024
7023
7023
7023
7026
7023
7024
7022
7019
7020
7019
7023
7019
7018
7016
7016
7015
7015
7013
7013
7011
7010
7009
7016
7009
7008
7005
7005
7005
7007
7005
7003
7003
7016
7003
7001
7001
7000
6999
6998
6998
6997
6997
6997
6995
6995
6995
6993
6993
6994
6992
6992
6992
6991
6994
6991
6988
6987
6989
6987
6987
6987
6986
6986
6985
6985
6985
6984
6984
6983
6982
6982
6978
6979
6977
6976
6998
6976
6975
6974
6974
7008
6972
6971
6971
6971
6968
6967
6966
6968
6966
6968
6963
6960
6959
6960
6959
6956
6955
6954
6956
6954
6955
6954
6952
6952
6952
6951
6976
6951
6950
6950
6959
6949
6948
6948
6947
6946
6945
6945
6943
6943
6943
6942
6940
6939
6939
6939
6940
6938
6936
6936
6936
6933
6935
6933
6932
6931
6932
6929
6931
6929
6930
6929
6939
6929
6927
6925
6922
6922
6921
6920
6927
6920
6920
6920
6919
6918
6921
6918
6923
6918
6919
6918
6917
6917
6914
6914
6915
6914
6913
6912
6909
6909
6909
6910
6909
6911
6908
6907
6907
6908
6907
6906
6905
6905
6904
6909
6904
6903
6902
6902
6902
6901
6901
6907
6901
6900
6898
6900
6898
6900
6898
6895
6894
6896
6894
6893
6893
6897
6892
6890
6890
6889
6889
6889
6888
6888
6886
6885
6884
6884
6882
6882
6894
6882
6881
6880
6878
6878
6876
6876
6875
6875
6876
6875
6874
6873
6875
6870
6869
6872
6869
6866
6866
6866
6865
6865
6864
6864
6862
6870
6862
7026
6862
6858
6858
6858
6859
6858
6857
6857
6857
6859
6857
6856
6856
6856
6856
6855
6855
6853
6853
6852
6852
6852
6853
6852
6855
6852
6851
6849
6849
6849
6849
6849
6848
6848
6847
6847
6846
6848
6846
6845
6845
6843
6842
6844
6842
6841
6841
6841
6846
6841
6840
6838
6840
6838
6837
6836
6835
6835
6834
6842
6834
6833
6830
6832
6829
6833
6829
6828
6828
6828
6827
6827
6827
6829
6827
6831
6827
6825
6824
6823
6823
6823
6821
6821
6821
6820
6821
6820
6819
6819
6819
6818
6816
6816
6816
6816
6815
6815
6816
6814
6817
6814
6813
6813
7075
6813
6809
6809
6812
6809
6807
6806
6806
6806
6806
6806
6805
6809
6804
6803
6802
6802
6803
6802
6801
6801
6801
6802
6801
6800
6800
6800
6803
6800
6798
6798
6796
6796
6796
6795
6799
6794
6793
6793
6811
6793
6792
6791
6790
6790
6790
6790
6790
6789
6789
6789
6788
6787
6787
6787
6786
6785
6783
6783
6783
6782
6785
6782
6780
6782
6780
6781
6780
6779
6779
6778
6779
6778
6777
6777
6776
6776
6775
6775
6775
6775
6783
6775
6772
6772
6771
6773
6771
6770
6770
6768
6767
6767
6767
6766
6766
6765
6763
6764
6763
6767
6763
6769
6763
6762
6762
6762
6762
6765
6762
6760
6760
6759
6758
6760
6758
6757
6757
6757
6759
6757
6756
6755
6755
6756
6755
6754
6755
6754
6759
6754
6756
6754
6753
6753
6753
6761
6753
6750
6748
6749
6747
6748
6747
6746
6747
6746
6745
6745
6745
6743
6743
6745
6741
6740
6740
6739
6739
6741
6739
6738
6738
6738
6742
6738
6742
6738
6760
6738
6737
6737
6736
6736
6735
6736
6735
6734
6734
6734
6730
6730
6729
6729
6729
6728
6728
6725
6726
6725
6724
6724
6723
6723
6723
6721
6721
6721
6722
6721
6720
6737
6720
6719
6718
6718
6718
6717
6717
6716
6715
6734
6715
6725
6714
6713
6713
6712
6712
6711
6711
6710
6710
6709
6708
6711
6708
6711
6708
6707
6706
6703
6701
6700
6699
6698
6698
6704
6698
6697
6696
6701
6696
6695
6695
6694
6694
6706
6694
6693
6693
6691
6690
6690
6690
6689
6691
6688
6696
6688
6687
6687
6687
6686
6686
6685
6684
6684
6684
6683
6694
6682
6678
6677
6679
6677
6692
6677
6676
6676
6675
6672
6674
6672
6671
6670
6670
6675
6670
6696
6670
6693
6670
6668
6668
6666
6666
6666
6664
6664
6663
6663
6665
6663
6667
6663
6667
6663
6668
6663
6662
6661
6661
6661
6662
6661
6660
6660
6660
6656
6655
6660
6655
6652
6652
6652
6653
6652
6651
6650
6650
6649
6649
6650
6649
6651
6649
6654
6649
6659
6649
6648
6648
6647
6646
6646
6646
6645
6645
6643
6645
6642
6640
6639
6645
6638
6637
6637
6637
6643
6637
6635
6635
6635
6634
6634
6633
6631
6631
6630
6634
6630
6627
6627
6627
6626
6626
6664
6626
6625
6624
6625
6624
6623
6623
6622
6622
6621
6618
6619
6618
6620
6617
6616
6614
6614
6613
6613
6613
6613
6636
6613
6612
6611
6611
6611
6611
6611
6610
6611
6610
6737
6610
6607
6606
6609
6606
6603
6603
6602
6604
6602
6605
6601
6600
6600
6598
6600
6598
6595
6596
6595
6597
6594
6591
6593
6591
6598
6590
6588
6587
6587
6590
6587
6586
6586
6586
6585
6581
6586
6581
6580
6580
6578
6579
6578
6579
6578
6577
6576
6576
6575
6574
6574
6599
6574
6573
6573
6573
6573
6573
6573
6570
6571
6570
6571
6569
6568
6565
6564
6566
6564
6565
6564
6575
6564
6563
6562
6561
6560
6560
6563
6560
6559
6559
6558
6565
6557
6555
6555
6556
6555
6554
6555
6554
6553
6553
6551
6550
6550
6550
6548
6548
6547
6547
6547
6546
6545
6544
6545
6544
6543
6543
6543
6554
6543
6542
6541
6541
6541
6586
6541
6540
6539
6566
6539
6538
6535
6537
6535
6533
6533
6531
6534
6531
6529
6532
6529
6528
6528
6527
6525
6525
6522
6521
6524
6520
6519
6519
6519
6524
6519
6522
6519
6518
6518
6517
6517
6517
6517
6517
6516
6515
6516
6515
6517
6515
6513
6524
6513
6511
6511
6551
6511
6510
6510
6509
6552
6509
6508
6612
6507
6506
6506
6506
6505
6505
6505
6504
6503
6503
6504
6503
6502
6500
6505
6498
6499
6498
6790
6498
6496
6496
6496
6495
6493
6492
6491
6492
6491
6489
6489
6489
6493
6489
6488
6497
6488
6903
6488
6487
6487
6486
6487
6486
6485
6485
6483
6484
6483
6481
6481
6482
6480
6483
6480
6479
6476
6476
6476
6479
6476
6475
6474
6474
6474
6472
6476
6472
6471
6471
6471
6479
6471
6470
6470
6469
6469
6469
6469
6467
6466
6464
6465
6464
6465
6463
6462
6461
6467
6461
6458
6460
6458
6458
6458
6457
6457
6472
6456
6455
6455
6455
6448
6448
6453
6448
6448
6448
6447
6447
6447
6446
6446
6445
6445
6447
6445
6447
6445
6455
6444
6442
6445
6442
6440
6440
6440
6439
6439
6438
6437
6439
6437
6434
6436
6434
6433
6434
6433
6432
6435
6432
6431
6431
6431
6431
6431
6435
6431
6428
6427
6425
6425
6425
6424
6423
6426
6423
6422
6422
6423
6422
6421
6421
6422
6421
6417
6417
6417
6415
6415
6412
6412
6418
6412
6411
6411
6428
6411
6453
6411
6410
6468
6410
6409
6407
6445
6407
6448
6407
6406
6405
6405
6405
6404
6404
6404
6402
6404
6402
6401
6400
6400
6400
6400
6398
6399
6398
6397
6397
6396
6400
6396
6394
6393
6390
6393
6390
6390
6390
6392
6390
6389
6388
6386
6394
6386
6384
6384
6385
6384
6382
6381
6381
6379
6380
6379
6383
6378
6385
6378
6377
6377
6376
6374
6374
6374
6374
6372
6384
6372
6371
6370
6368
6367
6366
6367
6366
6366
6366
6364
6365
6364
6394
6364
6362
6362
6362
6360
6360
6358
6358
6358
6358
6357
6361
6357
6355
6356
6355
6356
6355
6355
6355
6352
6351
6350
6350
6349
6350
6349
6347
6347
6348
6347
6352
6346
6345
6346
6345
6344
6344
6343
6343
6341
6340
6339
6339
6336
6335
6337
6335
6342
6335
6333
6343
6333
6331
6338
6331
6333
6331
6354
6331
6330
6329
6329
6326
6325
6322
6326
6322
6324
6320
6328
6320
6319
6318
6318
6319
6318
6325
6318
6317
6316
6317
6316
6315
6323
6315
6314
6314
6318
6312
6312
6312
6310
6311
6310
6309
6309
6309
6309
6309
6308
6308
6308
6307
6320
6307
6304
6305
6304
6303
6303
6303
6306
6303
6302
6302
6302
6301
6324
6301
6300
6299
6297
6299
6297
6296
6295
6295
6295
6295
6295
6298
6295
6294
6294
6291
6290
6292
6290
6289
6292
6289
6288
6288
6287
6287
6287
6285
6285
6285
6283
6288
6283
6279
6277
6278
6276
6286
6276
6285
6275
6273
6273
6273
6287
6273
6272
6272
6272
6271
6270
6270
6270
6269
6269
6269
6269
6268
6269
6268
6267
6269
6267
6266
6265
6265
6266
6265
6272
6265
6264
6263
6264
6263
6262
6261
6261
6260
6260
6259
6257
6256
6306
6256
6254
6254
6254
6254
6253
6253
6253
6253
6252
6251
6251
6252
6250
6250
6250
6249
6249
6249
6248
6249
6248
6249
6248
6247
6247
6247
6246
6245
6284
6245
6244
6244
6243
6244
6243
6242
6242
6239
6239
6241
6239
6241
6239
6238
6237
6237
6237
6237
6239
6237
6235
6234
6233
6233
6236
6233
6231
6231
6231
6229
6227
6242
6227
6226
6226
6225
6223
6223
6221
6220
6222
6219
6222
6219
6218
6217
6214
6212
6215
6212
6218
6212
6212
6212
6210
6209
6211
6209
6207
6210
6207
6206
6207
6206
6205
6205
6217
6204
6215
6204
6203
6203
6203
6223
6203
6202
6201
6201
6201
6201
6201
6199
6199
6199
6197
6196
6196
6196
6198
6196
6195
6197
6194
6191
6193
6191
6193
6191
6199
6191
6206
6191
6189
6189
6189
6187
6188
6185
6236
6184
6183
6183
6183
6183
6183
6182
6181
6179
6179
6178
6180
6178
6177
6183
6177
6175
6175
6174
6175
6174
6172
6172
6172
6171
6172
6171
6170
6169
6175
6169
6167
6174
6167
6165
6165
6165
6165
6166
6164
6163
6163
6163
6162
6162
6161
6162
6161
6161
6161
6160
6160
6159
6157
6156
6156
6157
6156
6158
6156
6157
6156
6155
6153
6152
6152
6151
6150
6149
6150
6149
6149
6149
6155
6149
6149
6149
6148
6146
6144
6145
6144
6147
6144
6143
6143
6143
6140
6140
6143
6140
6139
6138
6137
6136
6136
6139
6136
6135
6134
6134
6134
6134
6133
6383
6132
6131
6130
6128
6130
6128
6131
6128
6126
6126
6126
6128
6126
6124
6124
6125
6124
6123
6123
6123
6121
6120
6123
6120
6118
6118
7418
6118
6117
6114
6116
6113
6113
6113
6111
6112
6111
6109
6109
6110
6109
6108
6107
6107
6105
6106
6104
6108
6103
6100
6101
6100
6100
6100
6095
6095
6100
6095
6094
6094
6094
6094
6092
6092
6092
6091
6088
6088
6086
6086
6092
6086
6099
6085
6084
6084
6084
6081
6081
6082
6081
6080
6080
6079
6079
6077
6078
6077
6096
6076
6075
6074
6073
6073
6072
6071
6071
6070
6071
6068
6067
6066
6066
6067
6066
6065
6097
6064
6063
6063
6062
6062
6061
6059
6059
6058
6057
6057
6054
6055
6052
6053
6052
6053
6052
6051
6049
6051
6048
6048
6047
6052
6047
6055
6046
6044
6045
6044
6044
6044
6042
6042
6042
6042
6042
6041
6037
6036
6043
6036
6037
6036
6034
6034
6033
6033
6045
6033
6032
6032
6031
6031
6028
6028
6027
6027
6030
6027
6026
6026
6026
6025
6043
6025
6024
6024
6023
6023
6023
6023
6023
6022
6021
6021
6020
6019
6019
6018
6018
6019
6017
6016
6016
6014
6012
6012
6010
6011
6010
6009
6009
6009
6009
6008
6005
6005
6004
6003
6005
6003
6002
6002
6001
6001
6001
6000
6000
6000
6000
5997
5996
5999
5996
5995
5995
5994
5994
5994
6018
5994
5991
5990
5993
5990
5989
5991
5988
5987
5987
5987
5985
5985
5986
5984
5987
5984
5983
5983
5982
5982
5982
5981
5981
5980
5980
5981
5980
5980
5980
5978
5979
5978
5977
5977
5976
5976
5976
5976
5975
5983
5975
5974
5974
5972
5972
5972
5970
5973
5970
5969
5973
5969
5966
5964
5965
5963
5967
5962
5973
5960
5974
5958
5957
5957
5956
5955
5955
5954
5954
5954
5955
5954
5953
5950
5949
5948
5952
5948
5947
5947
5947
5951
5947
5979
5947
5980
5947
5945
5945
5946
5945
5944
5944
5943
5942
5940
5940
5940
5939
5940
5939
5937
5938
5936
5937
5936
5940
5936
5935
5935
5934
5934
5933
5933
5935
5933
5930
5932
5930
5927
5926
5926
5926
5928
5926
5924
5924
5929
5924
5930
5923
5922
5921
5922
5920
5919
5919
5919
5919
5917
5917
5916
5915
5913
5913
5913
5916
5912
5911
5911
5911
5909
5920
5909
5908
5908
5906
5905
5905
5903
5903
5902
5902
5901
5900
5900
5899
5898
5899
5898
5897
5897
5896
5910
5896
5895
5892
5892
5892
5892
5950
5892
5890
5889
5889
5888
5887
5888
5887
5885
5885
5888
5885
5883
5884
5883
5882
5882
5880
5884
5880
5880
5880
5881
5880
5879
5878
5878
5878
5877
5874
5876
5874
5873
5873
5876
5873
5872
5872
5872
5871
5871
5871
5871
5870
5869
5868
5868
5868
5868
5869
5868
5867
5866
5864
5863
5869
5863
5862
5866
5861
5857
5857
5857
5854
5854
5866
5854
5853
5852
5853
5852
5851
5850
5850
5849
5850
5849
5848
5847
5846
5846
5889
5846
5845
5845
5843
5845
5843
5842
5842
5842
5844
5842
5841
5841
5841
5839
5838
5837
5836
5881
5836
5835
5833
5833
5835
5833
5881
5833
5831
5831
5830
5830
5829
5829
5829
5831
5829
5832
5829
5828
5828
5828
5827
5826
5825
5824
5824
5826
5824
5822
5822
5822
5820
5820
5819
5818
5817
5816
5816
5816
5816
5815
5815
5814
5813
5813
5812
5818
5811
5810
5810
5809
5807
5808
5807
5807
5807
5809
5807
5806
5806
5984
5805
5804
5802
5801
5800
5797
5794
5792
5796
5791
5794
5791
5790
5797
5790
5788
5789
5788
5789
5788
5787
5785
5784
5782
5782
5781
5780
5780
5793
5780
5779
5778
5777
5776
5776
5778
5776
5779
5776
5775
5773
5775
5773
5772
5772
5769
5767
5766
5765
5764
5763
5779
5763
5761
5761
5761
5760
5760
5760
5760
5762
5760
5862
5760
5759
5756
5754
5759
5754
5753
5752
5752
5752
5750
5747
5747
5746
5746
5746
5745
5744
5744
5744
5744
5745
5743
5741
5742
5740
5739
5737
5736
5736
5735
5738
5735
5734
5734
5736
5733
5731
5731
5730
5730
5730
5730
5730
5729
5729
5729
5732
5729
5733
5728
5726
5726
5725
5724
5727
5723
5722
5723
5722
5733
5722
5720
5738
5720
5719
5719
5718
5718
5718
5717
5717
5717
5715
5716
5713
5716
5713
5718
5713
5716
5712
5711
5711
5711
5709
5708
5710
5708
5710
5708
5706
5706
5706
5710
5706
5704
5703
5702
5701
5701
5703
5699
5698
5698
5698
5719
5698
5697
5697
5696
5694
5693
5693
5693
5693
5696
5693
5691
5697
5689
5688
5688
5687
5686
5686
5686
5686
5685
5685
5685
5684
5683
5682
5681
5688
5681
5679
5679
5679
5706
5679
5678
5678
5677
5677
5676
5677
5675
5674
5672
5674
5672
5673
5672
5670
5677
5670
5668
5674
5668
5667
5667
5666
5666
5665
5665
5665
5664
5663
5663
5663
5662
5662
5659
5669
5659
5657
5657
5657
5658
5657
5655
5655
5655
5655
5663
5655
5654
5654
5653
5653
5653
5653
5650
5653
5649
5648
5647
5647
5647
5646
5645
5645
5647
5645
5644
5644
5737
5644
5642
5642
5642
5642
5641
5641
5640
5639
5639
5642
5639
5638
5638
5637
5638
5636
5636
5636
5635
5635
5634
5632
5632
5632
5732
5632
5631
5631
5628
5629
5628
5627
5629
5627
5625
5625
5624
5624
5623
5622
5621
5626
5620
5619
5620
5619
5618
5618
5617
5616
5616
5615
5620
5615
5614
5614
5613
5612
5612
5613
5612
5621
5612
5610
5611
5610
5607
5606
5609
5606
5605
5605
5604
5604
5611
5604
5603
5603
5603
5603
5602
5601
5597
5600
5597
5596
5596
5595
5590
5594
5590
5599
5590
5588
5588
5588
5586
5586
5587
5586
5584
5583
5581
5584
5581
5582
5581
5599
5581
5580
5580
5580
5580
5579
5579
5578
5577
5575
5577
5575
5577
5575
5577
5575
5574
5573
5573
5573
5573
5572
5572
5572
5571
5569
5569
5569
5567
5567
5567
5567
5566
5564
5564
5562
5562
5565
5562
5567
5561
5560
5562
5560
5559
5558
5555
5556
5555
5554
5553
5554
5550
5556
5549
5559
5548
5547
5546
5546
5545
5545
5544
5544
5543
5543
5543
5543
5557
5542
5549
5542
5538
5541
5538
5539
5537
5533
5534
5533
5533
5533
5532
5540
5531
5530
5530
5529
5529
5529
5529
5528
5528
5529
5528
5526
5527
5526
5524
5525
5524
5523
5523
5525
5521
5519
5519
5518
5518
5518
5517
5515
5530
5515
5514
5513
5512
5512
5512
5512
5511
5511
5511
5511
5513
5511
5518
5511
5553
5510
5509
5509
5507
5506
5506
5506
5505
5504
5979
5504
5503
5502
5503
5501
5499
5498
5498
5501
5498
5497
5497
5496
5495
5497
5494
5493
5493
5492
5492
5492
5497
5492
5490
5491
5490
5489
5495
5489
5488
5488
5491
5488
5487
5487
5487
5486
5486
5485
5485
5485
5484
5483
5486
5483
5481
5481
5480
5480
5478
5486
5478
5477
5477
5477
5493
5477
5472
5475
5472
5471
5469
5471
5469
5473
5469
5468
5467
5466
5464
5462
5461
5460
5459
5459
5462
5458
5457
5457
5457
5456
5456
5456
5456
5458
5456
5454
5454
5453
5452
5452
5451
5451
5450
5450
5449
5491
5449
5448
5448
5446
5445
5447
5444
5442
5442
5443
5442
5441
5441
5440
5440
5440
5440
5439
5442
5439
5438
5437
5438
5435
5435
5435
5434
5434
5436
5434
5433
5433
5433
5432
5431
5431
5429
5436
5427
5426
5424
5424
5498
5424
5422
5421
5421
5420
5421
5419
5423
5419
5415
5413
5413
5420
5413
5412
5411
5423
5411
5410
5410
5410
5410
5408
5407
5410
5404
5406
5404
5403
5403
5402
5402
5402
5402
5402
5402
5401
5400
5399
5399
5398
5396
5396
5395
5394
5394
5398
5394
5396
5394
5407
5394
5392
5392
5392
5392
5391
5391
5391
5390
5389
5389
5388
5389
5388
5387
5387
5388
5387
5386
5385
5384
5389
5383
5382
5382
5393
5382
5381
5381
5380
5380
5381
5380
5379
5379
5381
5379
5378
5378
5378
5378
5377
5377
5376
5376
5376
5375
5374
5375
5374
5372
5370
5371
5369
5369
5369
5368
5367
5370
5367
5366
5373
5366
5372
5366
5365
5365
5365
5365
5365
5364
5364
5363
5363
5361
5361
5361
5369
5361
5359
5359
5359
5359
5358
5357
5357
5358
5357
5356
5356
5355
5356
5352
5353
5352
5359
5352
5413
5352
5351
5351
5350
5350
5350
5349
5349
5347
5347
5345
5345
5349
5345
5346
5345
5344
5344
5344
5343
5343
5342
5342
5342
5342
5341
5341
5339
5339
5340
5339
5351
5339
5337
5337
5338
5337
5336
5336
5336
5336
5336
5338
5335
5334
5337
5334
5332
5331
5330
5330
5330
5331
5330
5338
5330
5329
5329
5328
5327
5326
5325
5325
5324
5324
5324
5322
5322
5327
5322
5321
5321
5321
5327
5321
5328
5321
5320
5320
5320
5319
5318
5318
5318
5317
5375
5317
5316
5316
5315
5315
5315
5314
5313
5314
5312
5311
5315
5311
5309
5309
5306
5310
5306
5305
5309
5305
5304
5302
5303
5302
5300
5300
5299
5299
5298
5299
5296
5294
5294
5294
5294
5295
5294
5293
5293
5291
5291
5290
5289
5288
5288
5288
5288
5288
5289
5288
5286
5284
5285
5282
5282
5282
5286
5280
5282
5280
5277
5279
5277
5283
5276
5275
5290
5275
5274
5274
5274
5273
5274
5273
5282
5272
5271
5271
5271
5271
5270
5269
5268
5267
5266
5266
5269
5266
5265
5265
5265
5268
5265
5263
5263
5264
5263
5263
5263
5259
5259
5257
5259
5257
5256
5256
5254
5253
5255
5250
5254
5250
5247
5247
5246
5257
5244
5243
5243
5243
5242
5242
5242
5241
5250
5241
5243
5241
5240
5245
5240
5239
5239
5237
5237
5236
5234
5234
5233
5232
5232
5230
5242
5229
5228
5228
5249
5228
5227
5227
5226
5226
5226
5225
5225
5224
5224
5226
5224
5223
5223
5224
5223
5222
5219
5219
5219
5219
5222
5219
5221
5219
5222
5218
5220
5217
5216
5215
5215
5215
5215
5214
5216
5214
5215
5214
5213
5213
5213
5213
5213
5212
5212
5212
5212
5211
5211
5211
5212
5211
5292
5211
5210
5209
5209
5209
5209
5209
5207
5206
5207
5206
5204
5203
5203
5201
5201
5201
5205
5201
5199
5199
5203
5199
5198
5199
5198
5195
5193
5192
5191
5191
5205
5191
5190
5189
5189
5188
5188
5187
5187
5188
5187
5186
5186
5185
5184
5186
5184
5181
5183
5181
5180
5180
5180
5179
5176
5176
5174
5174
5177
5174
5177
5174
5173
5168
5168
5172
5168
5167
5168
5167
5166
5166
5162
5162
5162
5161
5161
5160
5159
5159
5158
5160
5157
5156
5161
5156
5154
5154
5153
5153
5152
5182
5151
5155
5151
5150
5150
5148
5150
5148
5184
5148
5146
5144
5147
5143
5143
5143
5140
5139
5138
5137
5137
5136
5136
5134
5134
5133
5133
5133
5132
5131
5131
5131
5327
5131
5130
5129
5127
5128
5127
5126
5125
5124
5128
5124
5123
5123
5122
5122
5122
5121
5120
5120
5118
5118
5118
5118
5121
5118
5117
5117
5117
5115
5117
5115
5113
5113
5112
5112
5111
5110
5109
5109
5111
5109
5110
5109
5108
5108
5107
5107
5107
5107
5107
5106
5105
5105
5104
5104
5103
5103
5102
5099
5100
5099
5097
5097
5097
5111
5096
5095
5095
5095
5093
5094
5093
5092
5090
5090
5089
5094
5088
5090
5088
5087
5086
5086
5121
5086
5085
5083
5083
5085
5083
5081
5082
5081
5081
5081
5080
5078
5079
5078
5077
5077
5079
5076
5086
5076
5075
5075
5075
5072
5073
5071
5071
5071
5070
5070
5070
5069
5069
5069
5068
5068
5068
5065
5067
5065
5064
5063
5062
5062
5061
5061
5064
5061
5062
5061
5060
5068
5060
5059
5059
5059
5057
5063
5056
5054
5053
5055
5050
5051
5050
5049
5049
5049
5049
5052
5049
5048
5048
5048
5054
5048
5047
5047
5046
5046
5046
5046
5045
5045
5044
5045
5043
5041
5041
5040
5040
5040
5039
5040
5039
5038
5038
5037
5035
5034
5031
5037
5031
5030
5027
5028
5027
5027
5027
5026
5030
5026
5024
5028
5023
5022
5022
5019
5019
5019
5020
5019
5016
5018
5016
5030
5015
5014
5024
5012
5011
5011
5009
5009
5008
5010
5007
5009
5007
5004
5003
5003
5003
5006
5003
5007
5003
5000
5001
5000
5009
5000
4997
4996
4996
4995
4998
4995
4993
4993
4991
4991
4990
4989
4989
4989
4989
4988
4987
4987
4988
4987
4986
4999
4986
4985
4984
4983
4983
4983
4981
4981
4981
4981
4979
4978
4977
4977
4977
4976
4976
4976
4975
4974
4974
4977
4974
4972
4972
4971
4970
4970
4971
4970
4972
4970
4969
4968
4967
4967
4966
4966
4967
4966
4967
4966
4986
4966
4965
4965
4965
4965
4964
4962
4962
4963
4962
4960
4961
4960
5004
4960
4959
4954
4953
4954
4953
4955
4953
4952
4959
4952
4951
4951
4950
4950
4950
4948
4948
4951
4948
4945
4947
4945
4945
4945
4944
4943
4943
4945
4943
4942
4942
4942
4942
4940
4940
4940
4939
4938
4938
4937
4936
4935
4935
4938
4935
4942
4935
4933
4932
4935
4932
4931
4930
4930
4930
4930
4930
4930
4929
4929
4928
4928
4928
4928
4946
4928
4927
4926
4924
4924
4925
4923
4924
4923
4926
4923
4920
4922
4920
4920
4920
4919
4917
4916
4918
4916
4916
4916
4916
4915
4913
4913
4912
4912
4910
4909
4911
4909
4911
4906
4904
4903
4903
4902
4901
4908
4899
4898
4898
4898
4896
4896
4895
4894
4893
4891
4895
4890
4889
4888
4896
4888
4886
4886
4885
4885
4884
4884
4884
4884
4883
4883
4883
4899
4882
4880
4880
4879
4879
4879
4877
4877
4877
4876
4876
4876
4874
4876
4874
4873
4872
4872
4876
4872
4870
4868
4956
4868
4866
4867
4866
4864
4864
4864
4863
4862
4862
4860
4861
4860
4859
4859
4859
4859
4856
4855
4853
4854
4853
4852
4854
4851
4850
4850
4859
4850
4849
4849
4849
4849
4849
4848
4847
4848
4847
4862
4847
4846
4846
4846
4844
4844
4845
4843
4841
4840
4840
4840
4837
4839
4837
4836
4834
4832
4830
4830
4830
4830
4830
4829
4829
4828
4828
4828
4850
4828
4840
4828
4824
4827
4823
4824
4823
4821
4821
4822
4821
4823
4820
4819
4819
4818
4822
4818
4817
4817
4817
4814
4814
4814
4820
4814
4813
4813
4813
4812
4812
4812
4893
4812
4811
4811
4811
4811
4807
4808
4807
4806
4806
4808
4806
4809
4806
4804
4804
4804
4810
4804
4803
4803
4802
4801
4800
4800
4800
4800
4800
4799
4799
4798
4798
4797
4797
4798
4797
4796
4798
4796
4795
4794
4792
4790
4794
4790
4798
4790
4788
4788
4803
4788
4787
4787
4786
4784
4783
4783
4782
4786
4782
4781
4780
4779
4784
4779
4777
4777
4776
4775
4775
4775
4775
4773
4773
4773
4772
4772
4772
4811
4772
4771
4770
4769
4771
4769
4768
4768
4765
4767
4763
4765
4763
4762
4762
4761
4761
4761
4770
4759
4758
4762
4758
4757
4753
4756
4752
4757
4752
4752
4752
4755
4752
4751
4750
4750
4749
4752
4749
4748
4747
4746
4748
4746
4742
4740
4740
4743
4740
4739
4739
4748
4739
4738
4738
4737
4735
4734
4733
4735
4733
4735
4733
4732
4732
4732
4754
4731
4728
4728
4727
4728
4726
4725
4724
4725
4723
4725
4723
4722
4722
4726
4722
4721
4721
4720
4719
4718
4717
4719
4717
4716
4716
4716
4715
4716
4715
4712
4713
4712
4711
4721
4711
4709
4708
4712
4708
4707
4706
4704
4705
4704
4719
4704
4703
4701
4701
4700
4700
4699
4699
4700
4699
4704
4699
4698
4698
4697
4697
4696
4691
4697
4691
4690
4689
4689
4689
4688
4686
4688
4686
4684
4687
4683
4681
4680
4680
4680
4681
4680
4679
4679
4679
4679
4678
4677
4676
4676
4676
4675
4675
4674
4674
4674
4674
4673
4675
4673
4672
4672
4760
4672
4670
4670
4668
4668
4667
4667
4667
4667
4667
4666
4668
4665
4664
4668
4664
4662
4662
4662
4661
4661
4661
4661
4661
4660
4660
4658
4662
4658
4657
4657
4654
4649
4656
4649
4652
4649
4651
4649
4647
4648
4647
4648
4647
4647
4647
4645
4644
4644
4648
4644
4643
4641
4640
4638
4639
4637
4636
4636
4643
4636
4638
4636
4635
4634
4633
4633
4633
4633
4633
4639
4633
4631
4632
4631
4645
4628
4627
4625
4625
4623
4623
4623
4624
4623
4622
4622
4647
4621
4620
4620
4619
4619
4619
4619
4620
4619
4618
4767
4617
4615
4611
4613
4611
4609
4612
4609
4616
4607
4606
4606
4606
4606
4613
4606
4605
4605
4600
4600
4601
4600
4604
4600
4599
4599
4599
4598
4598
4595
4594
4593
4595
4593
4592
4604
4592
4590
4590
4591
4590
4589
4591
4589
4588
4588
4594
4588
4587
4585
4586
4585
4584
4584
4584
4614
4584
4582
4581
4580
4580
4580
4579
4579
4578
4578
4577
4577
4582
4577
4577
4577
4576
4575
7486
4575
4573
4573
4574
4572
4572
4572
4571
4571
4570
4569
4569
4570
4568
4567
4567
4565
4564
4563
4570
4563
4562
4562
4561
4561
4558
4557
4557
4556
4553
4552
4551
4551
4559
4551
4550
4549
4548
4548
4545
4560
4545
4542
4542
4541
4540
4539
4538
4538
4539
4538
4537
4544
4536
4543
4536
4535
4548
4535
4534
4534
4532
4533
4532
4533
4532
4531
4529
4529
4529
4529
4528
4528
4528
4528
4538
4528
4526
4526
4526
4530
4526
4525
4523
4522
4522
4521
4521
4520
4520
4520
4524
4519
4516
4518
4516
4515
4515
4514
4514
4518
4513
4512
4511
4511
4511
4510
4547
4510
4509
4509
4509
4509
4508
4508
4508
4507
4506
4505
4504
4504
4503
4547
4503
4501
4502
4497
4500
4497
4497
4496
4495
4494
4499
4494
4500
4494
4493
4493
4493
4491
4491
4490
4490
4500
4489
4488
4487
4487
4493
4487
4486
4486
4484
4481
4481
4485
4481
4481
4481
4480
4480
4479
4479
4476
4473
4474
4472
4470
4470
4476
4470
4467
4467
4477
4467
4466
4466
4465
4466
4465
4464
4464
4464
4468
4464
4462
4463
4462
4469
4462
4461
4461
4460
4459
4460
4459
4458
4458
4456
4456
4454
4454
4454
4454
4455
4454
4453
4453
4452
4451
4451
4451
4499
4451
4450
4448
4450
4448
4447
4447
4446
4445
4466
4445
4443
4444
4443
4442
4441
4440
4439
4442
4439
4438
4438
4438
4437
4436
4436
4435
4441
4435
4434
4433
4433
4432
4433
4432
4431
4431
4430
4431
4430
4429
4429
4428
4428
4428
4427
4431
4427
4426
4426
4426
4424
4424
4425
4423
4422
4422
4422
4421
4420
4420
4420
4426
4420
4419
4418
4418
4418
4417
4417
4416
4415
4414
4414
4423
4413
4411
4412
4411
4419
4411
4423
4411
4410
4410
4409
4409
4408
4408
4406
4408
4406
4405
4405
4405
4404
4404
4408
4404
4403
4403
4406
4403
4402
4402
4401
4401
4401
4400
4402
4400
4399
4398
4398
4398
4397
4395
4394
4397
4394
4395
4394
4393
4389
4388
4388
4390
4388
4393
4388
4388
4388
4389
4387
4393
4387
4384
4385
4382
4388
4382
4381
4381
4380
4390
4380
4379
4379
4379
4379
4379
4379
4539
4379
4377
4375
4375
4375
4375
4378
4375
4373
4375
4373
4374
4373
4372
4371
4371
4371
4371
4369
4370
4369
4367
4368
4366
4365
4365
4362
4370
4362
4361
4367
4360
4372
4360
4372
4360
4359
4359
4356
4355
4355
4354
4353
4353
4353
4355
4353
4352
4357
4351
4367
4351
4350
4350
4349
4349
4349
4348
4348
4349
4348
4348
4347
4345
4345
4344
4341
4341
4343
4340
4339
4345
4338
4337
4336
4349
4336
4335
4335
4335
4334
4334
4365
4334
4333
4333
4333
4332
4333
4331
4330
4330
4328
4328
4327
4325
4326
4325
4328
4325
4324
4324
4324
4322
4322
4321
4320
4319
4323
4319
4323
4319
4317
4316
4316
4316
4316
4315
4314
4314
4313
4313
4330
4312
4310
4310
4319
4309
4308
4306
4308
4305
4366
4305
4304
4304
4303
4303
4301
4300
4300
4299
4302
4298
4297
4297
4297
4297
4299
4297
4296
4294
4295
4294
4295
4294
4293
4292
4292
4289
4288
4287
4293
4287
4286
4286
4285
4285
4286
4285
4284
4283
4310
4283
4282
4282
4281
4280
4281
4280
4278
4278
4276
4277
4275
4274
4274
4274
4274
4272
4276
4271
4270
4270
4270
4270
4268
4268
4269
4268
4267
4269
4267
4265
4265
4265
4264
4264
4264
4263
4263
4263
4263
4263
4262
4262
4260
4260
4259
4260
4257
4254
4254
4255
4252
4256
4252
4251
4253
4251
4250
4249
4249
4248
4255
4248
4247
4247
4247
4370
4247
4246
4244
4244
4244
4245
4243
4242
4241
4241
4240
4239
4238
4238
4238
4241
4238
4235
4235
4235
4233
4234
4233
4233
4233
4232
4234
4232
4229
4227
4227
4231
4227
4229
4226
4232
4226
4225
4225
4225
4224
4224
4223
4223
4223
4222
4222
4221
4222
4221
4222
4221
4219
4220
4218
4218
4217
4235
4217
4216
4215
4214
4214
4212
4212
4213
4212
4209
4207
4207
4206
4210
4206
4205
4203
4204
4203
4207
4203
4201
4200
4200
4201
4200
4215
4198
4197
4196
4196
4194
4194
4193
4206
4193
4191
4191
4191
4190
4189
4189
4189
4187
4188
4187
4192
4187
4185
4185
4215
4185
4184
4184
4193
4184
4183
4181
4183
4180
4179
4179
4179
4182
4179
4178
4177
4212
4177
4175
4174
4174
4173
4173
4172
4172
4171
4172
4169
4168
4168
4168
4168
4168
4168
4168
4169
4167
4166
4173
4166
4165
4165
4165
4164
4163
4163
4162
4172
4162
4160
4158
4158
4158
4160
4158
4157
4156
4156
4154
4160
4152
4151
4151
4158
4151
4150
4150
4150
4149
4148
4149
4148
4147
4147
4149
4147
4147
4147
4148
4147
4155
4147
4146
4146
4145
4145
4145
4145
4145
4145
4144
4145
4142
4141
4140
4140
4145
4140
4138
4138
4137
4136
4136
4134
4134
4133
4133
4139
4133
4143
4133
4132
4132
4131
4125
4125
4124
4129
4123
4121
4120
4121
4120
4130
4120
4119
4118
4117
4117
4117
4118
4117
4123
4116
4115
4115
4113
4113
4115
4113
4112
4112
4112
4111
4110
4110
4109
4109
4109
4109
4109
4305
4109
4107
4106
4106
4106
4105
4104
4104
4104
4103
4100
4100
4099
4099
4098
4098
4098
4097
4095
4094
4099
4094
4097
4094
4093
4093
4092
4091
4092
4091
4089
4088
4091
4088
4087
4086
4086
4085
4085
4087
4085
4085
4085
4095
4085
4080
4096
4080
4078
4077
4077
4077
4076
4076
4076
4074
4073
4073
4073
4071
4069
4067
4066
4067
4066
4072
4066
4064
4063
4062
4060
4062
4059
4060
4059
4074
4059
4058
4056
4056
4056
4058
4056
4055
4064
4055
4054
4053
4050
4050
4049
4049
4049
4048
4048
4048
4047
4044
4046
4044
4044
4044
4042
4054
4042
4040
4040
4040
4039
4041
4039
4037
4038
4037
4037
4037
4036
4036
4036
4043
4036
4035
4035
4034
4032
4032
4031
4032
4031
4029
4030
4029
4030
4029
4028
4027
4026
4026
4025
4025
4023
4023
4022
4021
4021
4019
4019
4021
4019
4015
4015
4016
4015
4014
4022
4013
4012
4012
4011
4012
4008
4008
4007
4006
4004
4006
4004
4002
4000
4000
3999
3998
4001
3998
3994
3997
3994
4001
3994
3993
3993
3993
3992
4035
3992
3991
3991
3990
3988
3991
3987
3989
3986
3984
3982
3982
3982
3982
3981
3981
3981
3980
3980
3978
3980
3978
3982
3978
3977
3977
3977
3977
3984
3977
3976
3973
3972
3972
3972
3971
3971
3971
3971
3972
3971
3970
3969
3968
3968
3967
3967
3967
3967
3970
3967
3965
3964
3965
3963
3964
3963
3963
3963
3962
3960
3959
3959
3959
4093
3959
3958
3958
4362
3958
3957
3957
3955
3955
3955
3952
3952
3956
3952
3953
3952
3950
3948
3948
3948
3947
3946
3946
3946
3950
3946
3947
3946
3945
3945
3943
3943
3943
3942
3940
3938
3939
3938
3937
3937
3942
3937
3934
3935
3934
3933
3933
3933
3935
3933
3932
3932
3932
3932
3931
3939
3931
3930
3928
3929
3928
3933
3928
3927
3927
3927
3926
3926
3924
3923
3923
3923
3925
3923
3922
3921
3926
3921
3917
3916
3919
3916
3952
3916
3914
3915
3913
3910
3912
3910
3909
3909
3908
3907
3907
3907
3909
3907
3906
3905
3905
3904
3905
3902
3900
3901
3900
3899
3898
3899
3898
3901
3898
3905
3898
3897
3897
3897
3899
3897
3915
3897
3895
3895
3895
3894
3894
3893
3892
3892
3892
3892
3891
3890
3890
3889
3888
3887
3886
3886
3886
3885
3885
3884
3883
3886
3883
3884
3882
3881
3881
3879
3877
3901
3877
3876
3876
3876
3875
3874
3874
3873
3874
3873
3872
3875
3872
3871
3871
3869
3869
3868
3868
3868
3870
3868
3870
3867
3865
3865
3864
3864
3863
3862
3862
3872
3861
3860
3860
3860
3859
3858
3859
3858
3860
3858
3857
3856
3854
3854
3855
3854
3854
3854
3853
3853
3852
3848
3848
3849
3848
3849
3848
3846
3845
3851
3845
3844
3844
3844
3845
3844
3843
3842
3842
3840
3841
3839
3841
3839
3839
3839
3838
3838
3836
3836
3835
3835
3835
3838
3835
3831
3828
3834
3828
3827
3827
3826
7874
3826
3825
3825
3824
3824
3824
3821
3820
3820
3820
3818
3818
3818
3818
3818
3818
3818
3816
3816
3815
3814
3813
3813
3813
3813
3813
3812
3811
3810
3811
3810
3809
3809
3809
3812
3809
3808
3810
3807
3812
3807
3805
3806
3805
3804
3804
3823
3804
3802
3802
3803
3800
3803
3800
3799
3799
3800
3799
3798
3798
3796
3794
3793
3793
3792
3795
3792
3790
3788
3788
3795
3787
3782
3781
3788
3780
3779
3778
3776
3791
3776
3775
3774
3773
3773
3773
3772
3772
3772
3772
3772
3771
3771
3769
3770
3764
3768
3764
3764
3764
3764
3764
3769
3764
3763
3763
3762
3762
3761
3761
3761
3761
3758
3757
3757
3758
3756
3760
3756
3755
3754
3752
3756
3751
3749
3747
3746
3781
3746
3744
3743
3743
3744
3743
3744
3743
3742
3742
3742
3741
3740
3738
3737
3742
3736
3735
3734
3733
3733
3732
3731
3737
3731
3730
3730
3729
3783
3729
3728
3726
3727
3726
3725
3722
3721
3721
3721
3720
3720
3720
3719
3719
3725
3719
3725
3719
3737
3718
3715
3717
3714
3713
3715
3713
3712
3710
3710
3709
3708
3709
3708
3706
3711
3705
3704
3703
3703
3702
3701
3707
3701
3700
3700
3700
3698
3698
3698
3697
3695
3695
3696
3695
3693
3693
3689
3692
3688
3688
3688
3687
3685
3685
3685
3686
3685
3694
3684
3700
3684
3683
3683
3683
3682
3681
3681
3681
3681
3682
3681
3679
3679
3679
3678
3678
3677
3677
3700
3677
3706
3677
3676
3676
3673
3675
3673
3668
3668
3671
3668
3670
3668
3672
3667
3666
3664
3663
3663
3662
3661
3662
3661
3659
3659
3659
3665
3658
3655
3654
3654
3657
3654
3653
3656
3653
3653
3653
3652
3651
3650
3649
3651
3649
3648
3648
3647
3646
3646
3646
3646
3671
3646
3644
3645
3644
3643
3642
3641
3641
3641
3641
3643
3641
3640
3640
3638
3638
3639
3638
3637
3637
3635
3633
3633
3633
3668
3633
3632
3631
3631
3630
3627
3628
3627
3632
3627
3625
3625
3626
3625
3623
3622
3620
3620
3619
3619
3619
3623
3619
3618
3617
3615
3616
3615
3614
3614
3614
3614
3615
3614
3613
3611
3610
3610
3610
3608
3611
3607
3623
3607
3605
3604
3663
3604
3603
3602
3602
3601
3602
3599
3600
3599
3598
3597
3596
3593
3593
3595
3593
3595
3592
3591
3591
3591
3601
3590
3589
3596
3588
3587
3586
3586
3586
3587
3584
3583
3583
3582
3582
3582
3581
3581
3580
3580
3580
3579
3581
3579
3578
3578
3578
3578
3578
3708
3577
3575
3574
3574
3573
3573
3573
3573
3573
3573
3572
3574
3568
3567
3566
3564
3566
3564
3563
3563
3560
3563
3560
3563
3560
3559
3559
3558
3558
3557
3556
3556
3557
3556
3555
3556
3555
3554
3554
3558
3554
3555
3554
3553
3553
3552
3552
3551
3552
3551
3550
3549
3548
3547
3547
3549
3547
3546
3546
3541
3544
3540
3555
3540
3539
3539
3537
3536
3536
3536
3538
3536
3538
3536
3535
3535
3534
3533
3532
3531
3531
3530
3530
3532
3529
3528
3526
3526
3535
3526
3525
3524
3523
3522
3521
3520
3520
3523
3520
3522
3520
3519
3521
3519
3518
3518
3518
3518
3517
3515
3515
3513
3514
3513
3511
3512
3511
3511
3511
3510
3510
3509
3508
3506
3507
3506
3505
3504
3504
3504
3503
3503
3517
3503
3502
3501
3500
3499
3497
3497
3501
3497
3496
3495
3495
3495
3496
3495
3496
3495
3500
3494
3493
3493
3491
3491
3491
3490
3489
3489
3488
3489
3488
3486
3484
3486
3484
3483
3483
3483
3483
3482
3483
3482
3482
3482
3480
3509
3480
3479
3478
3476
3475
3475
3474
3473
3472
3472
3471
3471
3470
3473
3470
3473
3469
3476
3469
3468
3468
3468
3467
3465
3465
3464
3463
3461
3460
3463
3460
3460
3460
3478
3460
3459
3458
3456
3455
3455
3455
3457
3455
3554
3454
3728
3454
3452
3452
3452
3452
3450
3449
3450
3449
3448
3452
3446
3445
3445
3445
3446
3445
3444
3444
3443
3441
3441
3440
3440
3440
3439
3439
3439
3443
3439
3444
3439
3443
3438
3437
3436
3436
3435
3435
3434
3433
3432
3433
3432
3431
3431
3435
3431
3430
3439
3430
3429
3429
3426
3426
3425
3425
3425
3429
3425
3424
3424
3424
3427
3424
3423
3421
3420
3420
3421
3420
3420
3420
3419
3421
3419
3418
3418
3417
3416
3416
3416
3415
3415
3417
3415
3414
3414
3413
3411
3411
3411
3410
3412
3410
3412
3410
3409
3408
3408
3414
3408
3407
3407
3406
3405
3404
3415
3404
3403
3403
3401
3401
3401
3399
3399
3400
3397
3395
3393
3390
3390
3395
3388
3386
3386
3386
3385
3383
3402
3383
3381
3381
3381
3380
3379
3378
3379
3378
3388
3377
3376
3375
3375
3375
3374
3374
3374
3376
3374
3376
3374
3373
3373
3373
3373
3372
3370
3369
3367
3367
3367
3366
3372
3366
3365
3365
3364
3363
3362
3362
3360
3361
3360
3408
3360
3359
3359
3357
3358
3357
3355
3357
3355
3355
3355
3354
3353
3353
3351
3351
3349
3348
3355
3348
3347
3346
3346
3344
3343
3343
3359
3343
3342
3340
3340
3342
3340
3340
3340
3339
3339
3339
3339
3338
3337
3338
3337
3337
3337
3336
3335
3335
3333
3333
3339
3333
3332
3332
3332
3331
3329
3331
3329
3329
3329
3342
3329
3328
3328
3327
3325
3325
3325
3324
3323
3323
3322
3321
3319
3321
3318
3316
3317
3316
3315
3315
3315
3314
3313
3312
3314
3312
3313
3311
3310
3309
3308
3308
3308
3308
3308
3321
3308
3307
3307
3307
3305
3305
3306
3305
3305
3305
3304
3304
3304
3304
3302
3301
3302
3301
3305
3301
3300
3300
3300
3299
3299
3298
3296
3295
3295
3294
3294
3294
3294
3294
3293
3298
3293
3292
3292
3292
3291
3290
3292
3290
3289
3289
3291
3289
3317
3289
3287
3285
3285
3285
3284
3284
3287
3284
3283
3283
3286
3283
3282
3281
3284
3281
3277
3278
3277
3277
3277
3276
3276
3276
3276
3276
3275
3279
3275
3272
3272
3271
3270
3270
3274
3270
3269
3269
3268
3268
3266
3266
3266
3265
3276
3264
3263
3263
3262
3267
3262
3260
3260
3261
3260
3264
3260
3258
3258
3258
3257
3256
3258
3256
3254
3254
3254
3253
3253
3252
3251
3253
3251
3252
3250
3249
3248
3247
3244
3244
3244
3246
3244
3244
3243
3239
3241
3239
3239
3239
3238
3238
3237
3237
3248
3237
3236
3236
3236
3235
3235
3265
3235
3411
3235
3234
3234
3234
3232
3230
3229
3230
3229
3230
3229
3228
3227
3228
3227
3226
3226
3225
3226
3225
3224
3223
3230
3223
3222
3222
3221
3221
3220
3219
3218
3217
3217
3220
3217
3220
3217
3215
3214
3214
3212
3213
3212
3212
3212
3211
3212
3211
3212
3211
3219
3210
3208
3206
3206
3206
3206
3204
3206
3203
3206
3203
3211
3203
3201
3201
3221
3201
3199
3198
3200
3197
3196
3195
3195
3195
3194
3194
3194
3193
3193
3194
3193
3191
3192
3191
3191
3191
3190
3190
3190
3192
3190
3189
3189
3187
3187
3185
3184
3183
3183
3182
3182
3181
3181
3191
3181
3180
3180
3180
3178
3177
3173
3175
3173
3177
3172
3171
3170
3170
3225
3169
3166
3167
3165
3165
3165
3164
3165
3164
3163
3162
3163
3162
3161
3160
3160
3159
3158
3164
3158
3156
3157
3156
3154
3153
3153
3152
3151
3151
3150
3147
3147
3152
3146
3152
3146
3157
3145
3143
3143
3144
3142
3141
3141
3140
3138
3141
3138
3138
3138
3137
3136
3135
3134
3136
3134
3144
3134
3133
3131
3130
3132
3130
3129
3127
3129
3125
3128
3125
3133
3125
3123
3124
3123
3122
3126
3122
3119
3119
3117
3116
3116
3115
3115
3113
3113
3118
3113
3114
3113
3112
3112
3112
3112
3112
3112
3111
3118
3111
3110
3110
3110
3110
3112
3110
3121
3110
3109
3109
3108
3108
3108
3107
3107
3107
3106
3113
3105
3104
3103
3103
3103
3099
3102
3099
3101
3099
3102
3099
3104
3098
3097
3097
3095
3095
3095
3095
3094
3096
3093
3092
3088
3090
3088
3087
3087
3088
3087
3086
3085
3083
3083
3082
3081
3080
3080
3080
3079
3087
3079
3078
3078
3076
3077
3076
3075
3077
3075
3074
3073
3078
3073
3071
3070
3069
3068
3068
3067
3067
3067
3082
3067
3066
3066
3066
3064
3064
3063
3066
3061
3059
3060
3059
3057
3056
3058
3056
3055
3055
3051
3048
3048
3047
3046
3046
3047
3046
3048
3046
3044
3061
3044
3043
3043
3043
3043
3042
3042
3042
3042
3041
3038
3038
3037
3037
3040
3037
3036
3036
3036
3036
3054
3036
3035
3035
3035
3061
3035
3032
3032
3032
3031
3031
3031
3031
3030
3030
3029
3029
3028
3028
3028
3027
3026
3028
3026
3028
3026
3025
3025
3025
3032
3025
3024
3022
3022
3021
3022
3021
3020
3020
3021
3020
3032
3019
3017
3017
3017
3017
3016
3015
3018
3015
3014
3012
3011
3011
3013
3011
3013
3011
3010
3010
3010
3010
3009
3010
3009
3008
3008
3316
3008
3007
3007
3005
3006
3005
3004
3003
3007
3003
3005
3003
3002
3002
3001
3001
3001
3000
2999
3002
2999
2998
2998
2998
2997
2997
2997
2993
2993
2995
2993
2992
2998
2992
2991
2991
2991
2990
2990
2990
2997
2990
2989
2989
2989
2989
3000
2989
2988
2988
2988
2988
2987
2987
2984
2983
2983
2983
2982
2982
2981
2980
2983
2979
2978
2978
2978
2976
2977
2976
2976
2976
2974
2974
3004
2974
2973
2973
2973
2971
2970
2968
2968
2968
2968
2968
2967
2967
2967
2967
2966
2966
2966
2965
2965
2964
2964
2961
2961
2959
2961
2959
2958
2957
2958
2955
2954
2953
2956
2953
2964
2953
2952
2952
2950
2950
2948
2948
2948
2951
2948
2947
2947
2946
2945
2945
2942
2971
2942
2964
2941
2940
2939
2939
2939
2939
2938
2939
2938
2937
2937
2936
2936
2934
2936
2933
2935
2933
2935
2933
2932
2931
2930
2929
2929
2929
2927
2923
2923
2923
2923
2922
2921
2922
2921
2925
2921
2926
2920
2919
2919
2918
2918
2918
2917
2916
2932
2916
2923
2916
2915
2915
2914
2914
2910
2910
2913
2910
2912
2910
2914
2910
2906
2906
2905
2905
2904
2910
2904
2902
2902
2902
2901
2900
2900
2900
2898
2910
2898
2897
2896
2896
2897
2895
2895
2895
2894
2894
2894
2894
2893
2891
2890
2894
2890
2889
2889
2889
2889
2887
2887
2886
2890
2886
2885
2900
2885
2882
2881
2884
2881
2880
2880
2882
2879
2878
2880
2877
2878
2877
2874
2873
2872
2875
2872
2874
2869
2868
2868
2868
2868
2876
2868
2867
2867
2866
2866
2874
2866
2865
2864
2864
2863
2863
2861
2861
2863
2860
2860
2860
2859
2859
2859
2857
2858
2856
2856
2856
2928
2856
2854
2853
2853
2854
2853
2852
2854
2852
2855
2852
2850
2851
2850
2853
2850
2849
2848
2847
2846
2849
2846
2844
2844
2846
2844
2842
2841
2841
2841
2840
2840
2840
2839
2839
2837
2836
2838
2836
2835
2836
2835
2834
2833
2832
2831
2832
2829
2830
2829
2827
2826
2826
2825
2825
2825
2825
2827
2825
2824
2824
2824
2822
2822
2822
2822
2832
2822
2821
2821
2820
2820
2819
2818
2815
2814
2819
2814
2816
2814
2813
2813
2812
2811
2814
2810
2808
2808
2806
2805
2804
2801
2801
2801
2808
2801
2805
2801
2800
2799
2799
2800
2799
2798
2798
2800
2798
2805
2798
2795
2797
2795
2811
2795
2794
2793
2793
2794
2793
2791
2791
2790
2790
2790
2789
2786
2786
2786
2785
2787
2785
2784
2784
2784
2784
2782
2781
2778
2778
2778
2782
2778
2777
2791
2777
2776
2775
2775
2793
2775
2787
2775
2774
2774
2773
2773
2771
2771
2770
2770
2770
2768
2767
2767
2769
2767
2766
2766
2766
2766
2765
2764
2764
2765
2764
2763
2762
2762
2761
2763
2760
2762
2760
2770
2760
2758
2758
2758
2757
2759
2757
2759
2757
2756
2756
2753
2755
2753
2755
2753
2756
2752
2936
2752
2748
2750
2748
2747
2747
2745
2746
2745
2744
2750
2744
2751
2744
2743
2743
2742
2741
2740
2746
2740
2751
2740
2739
2739
2738
2738
2738
2738
2738
2737
2737
2738
2737
2736
2736
2736
2736
2735
2735
2734
2733
2733
2733
2732
2732
2735
2732
2732
2732
2737
2732
2731
2731
2730
2730
2730
2730
2729
2731
2729
2731
2729
2727
2727
2727
2726
2726
2728
2726
2725
2725
2725
2724
2724
2722
2721
2722
2721
2720
2719
2718
2719
2717
2716
2716
2716
2715
2715
2719
2715
2714
2714
2715
2713
2711
2712
2711
2711
2711
2725
2711
2710
2709
2709
2708
2708
2708
2708
2707
2707
2708
2707
2707
2707
2711
2707
2706
2706
2706
2705
2704
2705
2704
2702
2702
2702
2701
2701
2705
2701
2699
2699
2698
2697
2695
2695
2700
2695
2694
2694
2694
2694
2694
2693
2692
2692
2692
2692
2699
2692
2691
2689
2690
2689
2689
2688
2690
2688
2687
2687
2687
2687
2690
2687
2685
2685
2685
2686
2685
2686
2685
2684
2684
2684
2691
2683
2682
2682
2682
2681
2681
2682
2681
2680
2680
2680
2682
2680
2679
2679
2679
2679
2678
2678
2678
2675
2674
2674
2674
2676
2674
2672
2670
2672
2670
2668
2672
2666
2665
2669
2665
2664
2664
2664
2663
2662
2662
2667
2662
2659
2657
2657
2657
2658
2657
2656
2656
2656
2656
2653
2653
2653
2653
2653
2660
2653
2652
2652
2651
2650
2651
2649
2649
2647
2646
2646
2646
2652
2646
2645
2645
2645
2708
2645
2643
2643
2643
2644
2643
2642
2642
2640
2641
2640
2638
2641
2638
2639
2638
2637
2637
2636
2636
2635
2635
2635
2636
2635
2633
2633
2633
2632
2632
2633
2632
2630
2634
2630
2629
2629
2628
2628
2627
2627
2628
2627
2627
2627
2628
2627
2626
2626
2625
2624
2623
2623
2626
2623
2622
2620
2619
2619
2619
2617
2617
2616
2621
2616
2615
2614
2613
2612
2612
2611
2611
2610
2612
2610
2609
2609
2608
2609
2607
2609
2606
2611
2606
2605
2605
2605
2605
2604
2605
2604
3030
2604
2603
2602
2602
2602
2601
2602
2601
2600
2600
2599
2599
2597
2595
2594
2595
2594
2598
2594
2593
2591
2590
2598
2590
2589
2593
2589
2588
2587
2587
2587
2587
2586
2585
2584
2584
2585
2584
2583
2583
2582
2582
2582
2582
2581
2581
2581
2581
2580
2580
2579
2579
2579
2582
2579
2577
2577
2577
2577
2576
2576
2576
2575
2575
2581
2575
2574
2574
2573
2572
2571
2570
2570
2570
2572
2570
2569
2569
2568
2569
2568
2567
2566
2565
2565
2564
2565
2564
2573
2564
2563
2563
2563
2563
2563
2562
2562
2562
2562
2561
2561
2561
2571
2561
2560
2560
2560
2559
2559
2558
2559
2558
2558
2558
2557
2557
2556
2556
2560
2556
2555
2555
2554
2554
2555
2554
2553
2552
2551
2551
2550
2553
2550
2549
2549
2550
2549
2548
2548
2547
2547
2547
2547
2545
2546
2545
2587
2545
2544
2544
2544
2544
2544
2543
2543
2544
2542
2541
2541
2540
2541
2540
2540
2540
2540
2540
2547
2540
2539
2539
2539
2537
2538
2537
2537
2536
2535
2534
2535
2534
2533
2531
2531
2531
2538
2531
2530
2530
2529
2529
2529
2529
2530
2528
2529
2528
2527
2527
2527
2526
2526
2524
2524
2523
2525
2523
2522
2521
2521
2521
2521
2525
2521
2521
2521
2520
2520
2520
2519
2519
2518
2518
2519
2518
2516
2516
2515
2516
2514
2513
2513
2513
2513
2516
2513
2512
2512
2510
2509
2511
2509
2513
2509
2508
2508
2508
2508
2507
2507
2506
2507
2506
2527
2506
2504
2503
2503
2502
2502
2502
2502
2500
2501
2499
2500
2499
2498
2498
2498
2498
2495
2495
2495
2493
2492
2492
2492
2492
2492
2491
2490
2491
2489
2488
2488
2488
2487
2490
2487
2489
2487
2500
2487
2486
2486
2486
2485
2485
2485
2485
2484
2483
2485
2483
2482
2482
2482
2481
2480
2478
2478
2479
2478
2486
2478
2477
2477
2477
2476
2475
2473
2473
2473
2473
2473
2475
2472
2471
2471
2469
2469
2477
2469
2468
2468
2468
2467
2467
2467
2468
2467
2466
2466
2466
2466
2465
2467
2465
2464
2463
2460
2460
2460
2461
2460
2462
2460
2459
2459
2459
2458
2458
2458
2459
2458
2457
2456
2457
2455
2456
2455
2454
2454
2454
2454
2454
2453
2453
2453
2452
2452
2451
2471
2451
2449
2449
2449
2450
2449
2448
2449
2448
2447
2447
2446
2446
2446
2445
2445
2445
2445
2444
2483
2444
2442
2442
2442
2443
2442
2474
2442
2441
2440
2440
2440
2439
2439
2441
2439
2438
2476
2438
2436
2435
2435
2436
2435
2433
2433
2434
2433
2432
2432
2431
2431
2431
2430
2430
2430
2429
2429
2427
2428
2427
2432
2427
2434
2427
2425
2424
2424
2426
2424
2422
2422
2421
2423
2421
2420
2420
2419
2426
2419
2418
2418
2418
2417
2418
2417
2417
2417
2434
2417
2416
2415
2415
2415
2414
2414
2414
2416
2413
2412
2412
2412
2413
2412
2413
2412
2411
2410
2410
2410
2407
2407
2407
2405
2405
2405
2406
2405
2403
2404
2403
2403
2403
2402
2402
2401
2402
2401
2400
2399
2399
2401
2399
2398
2398
2398
2398
2396
2395
2394
2395
2394
2397
2394
2393
2393
2392
2391
2391
2391
2390
2390
2390
2390
2504
2390
2389
2389
2389
2389
2388
2388
2388
2388
2387
2387
2386
2385
2385
2383
2387
2383
2381
2380
2380
2380
2380
2380
2388
2380
2379
2379
2378
2385
2378
2377
2377
2376
2375
2462
2375
2374
2374
2374
2372
2371
2373
2371
2371
2371
2370
2370
2370
2369
2369
2369
2369
2369
2367
2367
2367
2366
2366
2366
2365
2364
2365
2364
2368
2364
2365
2364
2363
2362
2362
2360
2361
2360
2359
2359
2361
2359
2358
2357
2357
2357
2357
2357
2355
2355
2355
2355
2354
2353
2352
2351
2351
2352
2351
2357
2351
2348
2347
2347
2350
2347
2346
2346
2346
2345
2344
2344
2344
2343
2343
2343
2343
2342
2340
2342
2340
2340
2340
2339
2338
2339
2338
2342
2338
2338
2338
2337
2337
2337
2337
2334
2336
2334
2333
2333
2335
2332
2331
2330
2329
2328
2328
2328
2328
2327
2327
2326
2326
2327
2326
2325
2325
2325
2325
2323
2323
2322
2322
2321
2326
2320
2319
2319
2318
2318
2319
2318
2317
2317
2316
2317
2316
2316
2316
2317
2316
2315
2315
2315
2315
2315
2313
2313
2314
2312
2312
2312
2311
2310
2310
2312
2310
2308
2307
2308
2306
2307
2306
2307
2306
2305
2305
2305
2305
2304
2304
2359
2303
2302
2302
2302
2301
2301
2301
2301
2301
2300
2299
2298
2298
2298
2297
2296
2296
2296
2296
2296
2296
2295
2294
2294
2293
2293
2293
2293
2292
2292
2292
2291
2293
2291
2290
2295
2290
2289
2288
2288
2287
2286
2286
2285
2286
2285
2288
2285
2284
2284
2284
2284
2284
2281
2281
2281
2280
2280
2279
2278
2284
2278
2277
2277
2277
2276
2273
2275
2273
2276
2273
2272
2272
2272
2271
2271
2275
2271
2275
2271
2270
2270
2279
2270
2269
2269
2269
2268
2268
2266
2266
2265
2264
2265
2263
2268
2263
2290
2263
2262
2262
2262
2261
2261
2260
2260
2259
2259
2259
2259
2260
2259
2262
2259
2257
2258
2257
2256
2256
2257
2256
2255
2255
2255
2254
2255
2254
2253
2313
2253
2250
2250
2249
2247
2245
2245
2245
2244
2244
2244
2244
2243
2243
2241
2240
2243
2240
2239
2239
2241
2239
2238
2236
2236
2237
2236
2236
2236
2235
2233
2232
2234
2232
2231
2235
2231
2230
2228
2228
2228
2229
2228
2227
2227
2226
2226
2226
2226
2225
2224
2223
2224
2223
2222
2221
2222
2221
2222
2221
2224
2221
2220
2219
2217
2217
2217
2216
2216
2219
2215
2212
2212
2212
2214
2212
2212
2212
2211
2211
2211
2210
2209
2208
2207
2207
2207
2206
2206
2205
2204
2205
2204
2219
2204
2202
2202
2202
2203
2202
2202
2202
2198
2200
2198
2203
2198
2197
2195
2193
2192
2196
2192
2193
2192
2193
2191
2190
2190
2190
2190
2190
2188
2188
2186
2187
2186
2189
2186
2189
2186
2185
2185
2185
2183
2184
2183
2185
2183
2182
2182
2182
2183
2182
2181
2181
2181
2198
2181
2179
2178
2177
2177
2177
2176
2176
2175
2175
2175
2175
2175
2173
2172
2172
2172
2170
2170
2169
2171
2169
2169
2169
2168
2171
2168
2168
2168
2178
2168
2167
2167
2165
2164
2163
2163
2162
2165
2162
2163
2162
2161
2199
2161
2160
2159
2160
2159
2158
2158
2158
2157
2156
2155
2156
2155
2154
2154
2160
2154
2152
2151
2151
2151
2150
2150
2150
2149
2149
2149
2148
2146
2146
2151
2145
2144
2144
2144
2144
2144
2146
2144
2143
2143
2143
2143
2142
2139
2139
2139
2139
2143
2139
2138
2138
2138
2142
2138
2137
2136
2137
2135
2136
2135
2132
2132
2132
2133
2132
2135
2132
2131
2131
2131
2133
2131
2130
2129
2130
2129
2130
2129
2128
2128
2128
2127
2129
2127
2150
2127
2126
2126
2126
2124
2123
2125
2123
2122
2122
2122
2122
2121
2122
2121
2121
2121
2120
2120
2120
2115
2115
2117
2115
2117
2115
2114
2114
2115
2114
2119
2114
2113
2112
2112
2113
2112
2111
2110
2108
2111
2108
2107
2107
2107
2106
2108
2106
2105
2105
2105
2105
2104
2103
2102
2102
2102
2102
2102
2101
2101
2101
2099
2112
2099
2098
2098
2097
2097
2098
2097
2096
2096
2095
2095
2095
2095
2095
2094
2093
2092
2092
2092
2092
2091
2094
2090
2301
2090
2089
2089
2089
2088
2088
2088
2088
2089
2088
2087
2086
2085
2086
2085
2084
2083
2082
2081
2081
2081
2080
2080
2085
2080
2079
2079
2078
2078
2077
2077
2075
2077
2075
2074
2078
2074
2074
2074
2076
2074
2072
2072
2072
2072
2071
2069
2069
2071
2068
2079
2068
2067
2066
2066
2077
2066
2065
2077
2065
2064
2062
2062
2063
2060
2062
2060
2060
2059
2058
2058
2057
2057
2056
2056
2056
2056
2063
2056
2055
2054
2054
2054
2053
2053
2053
2053
2051
2051
2051
2074
2051
2050
2050
2050
2049
2049
2049
2048
2048
2047
2047
2047
2046
2046
2090
2046
2043
2043
2043
2043
2042
2042
2045
2040
2039
2043
2039
2038
2038
2038
2037
2037
2037
2036
2044
2036
2034
2035
2034
2033
2033
2032
2035
2032
2031
2031
2030
2030
2030
2031
2030
2033
2030
2029
2029
2029
2032
2029
2029
2029
2028
2028
2027
2027
2026
2026
2027
2026
2027
2026
2024
2023
2025
2023
2022
2022
2022
2022
2023
2022
2021
2020
2020
2021
2020
2019
2018
2017
2024
2017
2020
2017
2016
2016
2031
2016
2014
2014
2015
2014
2015
2014
2012
2008
2007
2004
2009
2004
2006
2004
2012
2004
2003
2004
2003
2015
2003
2002
2002
2002
2002
2002
2000
2001
2000
2014
2000
1999
1999
2218
1998
1997
1996
1996
1996
1996
1995
1996
1995
1994
1993
1993
1992
1992
1992
1991
1993
1991
1989
1987
1988
1987
1989
1986
1985
1985
1985
1984
1984
1984
1983
1983
1983
1982
1982
1981
1981
1989
1980
1979
1982
1979
1978
1978
1977
1977
1978
1977
1976
1975
1976
1975
1988
1975
1974
1974
1974
1973
1973
1973
1973
1972
1970
1970
1969
1969
1969
1969
1969
1969
1968
1968
1967
1967
1968
1967
1968
1967
1966
1966
1966
1966
1966
1965
1965
1964
1963
1963
1961
1964
1961
1960
1958
1958
1957
1956
1955
1956
1955
1955
1955
1954
1957
1953
1952
1950
1949
1949
1951
1949
1948
1948
1948
1946
1946
1964
1946
1945
1945
1944
1944
1944
1944
1944
1944
1943
1943
1943
1943
1943
1943
1942
1941
1941
1940
1940
1940
1940
1945
1940
1958
1940
1939
1939
1939
1939
1938
1938
1938
1936
1937
1936
1934
1934
1933
1933
1934
1933
1932
1932
1942
1932
1931
1931
1931
1930
1930
1929
1929
1927
1927
1929
1927
1924
1924
1926
1924
1923
1924
1923
1922
1922
1922
1922
1922
1921
1922
1921
1920
1919
1917
1916
1916
1915
1915
1920
1914
1916
1914
1913
1911
1909
1910
1908
1910
1908
1917
1908
1907
1906
1906
1905
1905
1905
1905
1910
1905
1904
1900
1900
1898
1924
1898
1897
1897
1897
1897
1896
1898
1895
1894
1894
1893
1893
1893
1894
1893
1891
1892
1891
1891
1891
1889
1887
1888
1887
1888
1886
1884
1884
1884
1884
1882
1881
1880
1880
1888
1879
1882
1879
1878
1878
1878
1878
1877
1877
1876
1876
1876
1876
1874
1874
1873
1873
1872
1871
1871
1871
1871
1870
1868
1869
1868
1867
1869
1867
1866
1868
1866
1874
1866
1869
1866
1894
1866
1865
1961
1864
1863
1863
1862
1862
1863
1862
1863
1862
1860
1860
1860
1859
1858
1857
1856
1857
1856
1855
1855
1854
1855
1854
1853
1853
1852
1852
1852
1851
1851
1851
1861
1851
1850
1850
1849
1848
1850
1846
1846
1845
1847
1845
1844
1844
1844
1844
1843
1842
1842
1841
1841
1842
1841
1840
1840
1840
1839
1838
1839
1836
1836
1836
1835
1835
1837
1835
1834
1834
1833
1833
1832
1832
1832
1832
1832
1831
1831
1840
1831
1830
1829
1828
1828
1831
1827
1825
1825
1824
1826
1824
1825
1824
1825
1824
1823
1822
1822
1822
1821
1821
1820
1820
1820
1819
1819
1819
1818
1819
1818
1817
1817
1817
1817
1816
1821
1816
1815
1815
1815
1880
1815
1814
1814
1814
1813
1811
1812
1811
1810
1810
1812
1810
1811
1810
1809
1808
1807
1807
1809
1806
1811
1806
1807
1806
1805
1804
1804
1804
1804
1804
1811
1803
1801
1800
1800
1801
1800
1799
1799
1799
1798
1798
1797
1797
1797
1798
1797
1795
1796
1795
1796
1795
1794
1794
1793
1793
1792
1792
1791
1791
1791
1790
1790
1792
1790
1789
1789
1788
1787
1786
1788
1786
1785
1786
1784
1783
1782
1781
1779
1781
1779
1777
1780
1777
1798
1777
1776
1775
1774
1774
1775
1774
1773
1772
1772
1771
1770
1770
1770
1769
1769
1772
1769
1768
1768
1775
1768
1766
1765
1767
1765
1765
1765
1766
1765
1764
1764
1764
1764
1764
1763
1763
1767
1763
1762
1762
1761
1761
1760
1759
1759
1758
1760
1758
1759
1758
1765
1758
1800
1758
1756
1755
1756
1755
1754
1753
1754
1752
1753
1751
1750
1749
1748
1748
1749
1748
1747
1747
1747
1746
1747
1745
1745
1745
1744
1744
1748
1744
1743
1743
1742
1742
1741
1742
1741
1740
1740
1740
1740
1755
1740
1739
1739
1738
1736
1736
1736
1735
1734
1734
1733
1733
1733
1733
1729
1729
1729
1728
1728
1731
1728
1726
1732
1726
1725
1725
1728
1725
1730
1725
1724
1724
1729
1724
1723
1723
1728
1723
1737
1723
1722
1722
1722
1722
1721
1721
1721
1720
1720
1720
1718
1717
1716
1719
1716
1715
1718
1715
1715
1715
1714
1713
1713
1713
1720
1713
1711
1711
1710
1710
1709
1708
1708
1708
1707
1707
1707
1707
1706
1705
1711
1705
1704
1708
1704
1703
1702
1701
1701
1701
1700
1699
1699
1700
1698
1700
1698
1701
1698
1697
1696
1696
1696
1695
1695
1695
1692
1691
1691
1691
1690
1694
1690
1720
1690
1689
1688
1685
1686
1685
1684
1684
1683
1683
1684
1683
1686
1683
1682
1682
1682
1682
1682
1688
1682
1681
1681
1681
1680
1691
1680
1679
1678
1678
1678
1677
1677
1679
1677
1675
1674
1675
1674
1673
1675
1673
1674
1673
1672
1672
1670
1671
1670
1677
1670
1669
1669
1669
1669
1668
1668
1668
1668
1667
1666
1666
1666
1670
1666
1665
1665
1665
1677
1665
1663
1662
1661
1661
1659
1660
1659
1658
1663
1658
1661
1658
1657
1657
1657
1656
1656
1661
1656
1655
1655
1653
1654
1653
1663
1653
1652
1649
1649
1649
1652
1649
1651
1649
1648
1648
1648
1648
1652
1648
1647
1646
1650
1646
1645
1645
1644
1644
1643
1641
1639
1644
1639
1638
1638
1638
1641
1638
1637
1637
1636
1636
1636
1636
1636
1654
1636
1635
1635
1634
1634
1634
1633
1632
1632
1635
1632
1631
1632
1631
1630
1630
1629
1629
1631
1629
1628
1627
1627
1626
1626
1626
1625
1625
1625
1624
1624
1623
1623
1625
1622
1621
1621
1621
1620
1620
1627
1620
1626
1620
1619
1618
1617
1618
1617
1616
1618
1616
1615
1614
1613
1614
1612
1614
1612
1745
1611
1610
1610
1609
1608
1607
1607
1606
1605
1605
1606
1605
1604
1604
1604
1604
1603
1603
1603
1603
1601
1600
1603
1600
1600
1600
1599
1598
1598
1598
1598
1597
1597
1597
1596
1596
1596
1596
1595
1595
1595
1595
1595
1594
1594
1594
1594
1593
1593
1593
1593
1593
1593
1592
1591
1593
1591
1589
1589
1589
1589
1588
1588
1588
1588
1588
1587
1587
1588
1587
1586
1586
1586
1585
1586
1585
1582
1582
1582
1581
1581
1585
1581
1580
1580
1580
1580
1579
1579
1579
1576
1576
1576
1577
1575
1574
1574
1579
1574
1584
1574
1573
1573
1573
1571
1572
1571
1572
1570
1572
1570
1569
1568
1568
1571
1568
1567
1567
1567
1566
1567
1566
1564
1563
1563
1563
1565
1563
1565
1563
1561
1562
1561
1561
1560
1559
1573
1558
1556
1555
1554
1554
1554
1554
1553
1550
1550
1549
1548
1548
1548
1546
1551
1546
1546
1546
1545
1544
1544
1544
1542
1542
1562
1542
1541
1540
1541
1540
1539
1537
1540
1537
1536
1536
1536
1536
1535
1535
1609
1535
1534
1534
1534
1533
1534
1533
1532
1532
1531
1533
1531
1530
1530
1530
1529
1527
1526
1525
1524
1524
1525
1524
1527
1524
1523
1523
1526
1523
1522
1522
1522
1521
1521
1521
1526
1521
1519
1519
1520
1519
1518
1518
1518
1518
1518
1524
1518
1517
1517
1517
1516
1515
1514
1514
1514
1513
1513
1513
1512
1512
1512
1517
1512
1511
1510
1507
1505
1505
1505
1504
1504
1506
1504
1503
1502
1501
1502
1501
1502
1501
1502
1501
1500
1500
1500
1499
1499
1498
1497
1497
1496
1496
1496
1496
1496
1516
1496
1510
1496
1495
1495
1495
1494
1494
1494
1490
1493
1490
1491
1490
1489
1488
1486
1486
1487
1486
1485
1485
1485
1485
1485
1495
1485
1484
1484
1484
1482
1483
1481
1481
1481
1480
1479
1510
1479
1478
1478
1478
1477
1477
1477
1476
1478
1476
1475
1475
1474
1477
1474
1472
1472
1471
1471
1471
1471
1470
1470
1470
1470
1469
1469
1468
1467
1467
1467
1467
1466
1466
1465
1465
1465
1464
1469
1464
1463
1461
1461
1461
1487
1461
1460
1460
1460
1459
1459
1459
1460
1459
1458
1456
1456
1456
1455
1455
1454
1453
1454
1453
1453
1453
1452
1452
1452
1452
1450
1455
1450
1449
1449
1448
1447
1447
1449
1447
1444
1444
1442
1441
1441
1440
1440
1439
1439
1439
1439
1438
1442
1438
1440
1438
1445
1438
1436
1437
1436
1436
1436
1437
1436
1435
1433
1433
1433
1433
1433
1432
1432
1431
1431
1440
1431
1430
1430
1430
1430
1430
1430
1429
1429
1428
1428
1429
1428
1439
1427
1425
1425
1424
1426
1424
1423
1422
1422
1422
1423
1422
1421
1421
1421
1421
1420
1419
1419
1420
1419
1418
1417
1416
1416
1416
1416
1415
1415
1414
1414
1414
1414
1413
1411
1411
1411
1413
1411
1412
1410
1409
1409
1416
1409
1408
1408
1407
1407
1409
1407
1406
1405
1416
1404
1403
1402
1401
1401
1402
1401
1400
1400
1399
1400
1398
1397
1396
1396
1398
1395
1394
1400
1394
1393
1393
1393
1393
1393
1398
1393
1395
1393
1391
1392
1391
1448
1391
1390
1390
1445
1390
1389
1389
1389
1388
1388
1388
1389
1387
1386
1386
1386
1386
1386
1386
1386
1434
1386
1384
1384
1383
1382
1383
1382
1385
1382
1383
1382
1381
1381
1381
1380
1379
1377
1379
1377
1380
1376
1375
1375
1374
1374
1374
1373
1373
1372
1371
1371
1371
1380
1371
1370
1369
1369
1370
1369
1370
1369
1368
1366
1366
1368
1366
1363
1363
1362
1362
1361
1361
1363
1361
1360
1360
1360
1359
1359
1358
1368
1358
1367
1357
1356
1356
1356
1355
1355
1354
1354
1354
1352
1352
1352
1352
1351
1350
1350
1349
1349
1348
1349
1348
1347
1347
1346
1346
1347
1346
1345
1345
1345
1345
1345
1344
1345
1343
1344
1343
1342
1342
1340
1340
1338
1346
1338
1337
1337
1337
1377
1337
1335
1336
1332
1332
1332
1331
1331
1329
1331
1329
1328
1330
1328
1330
1328
1327
1327
1327
1327
1326
1327
1326
1325
1325
1324
1322
1323
1322
1328
1322
1320
1320
1320
1319
1319
1319
1320
1319
1318
1318
1318
1318
1317
1316
1316
1316
1315
1315
1314
1316
1314
1313
1311
1311
1310
1313
1310
1309
1309
1307
1307
1307
1307
1305
1307
1305
1304
1304
1303
1304
1303
1301
1301
1299
1299
1299
1298
1298
1298
1300
1298
1297
1297
1297
1295
1295
1295
1295
1294
1294
1295
1293
1300
1293
1292
1292
1292
1291
1291
1290
1299
1290
1300
1289
1288
1288
1288
1287
1288
1287
1390
1287
1285
1282
1281
1281
1280
1286
1280
1286
1280
1283
1280
1280
1280
1279
1278
1278
1275
1276
1275
1274
1277
1274
1273
1272
1272
1272
1271
1271
1270
1270
1269
1269
1268
1269
1268
1268
1268
1266
1266
1267
1266
1265
1265
1269
1265
1265
1264
1263
1263
1450
1263
1262
1262
1261
1261
1262
1261
1262
1261
1260
1258
1258
1258
1259
1258
1257
1256
1256
1255
1255
1255
1255
1256
1255
1254
1254
1254
1254
1260
1254
1258
1253
1252
1252
1251
1251
1252
1250
1252
1250
1249
1249
1254
1249
1248
1248
1248
1248
1248
1248
1247
1247
1247
1246
1246
1244
1244
1244
1244
1244
1243
1243
1246
1243
1242
1241
1241
1241
1241
1242
1241
1239
1239
1239
1238
1237
1237
1236
1236
1238
1236
1235
1235
1235
1240
1234
1261
1234
1233
1232
1232
1233
1232
1231
1230
1230
1230
1229
1229
1229
1230
1229
1232
1229
1227
1227
1227
1227
1226
1226
1226
1225
1226
1225
1225
1225
1224
1224
1224
1224
1224
1228
1224
1223
1223
1223
1222
1222
1221
1221
1221
1221
1221
1221
1221
1220
1220
1220
1219
1219
1219
1219
1218
1217
1215
1215
1215
1215
1215
1214
1214
1213
1212
1211
1211
1211
1211
1212
1210
1209
1209
1208
1208
1208
1207
1206
1205
1203
1203
1206
1203
1202
1202
1202
1202
1204
1202
1201
1203
1201
1200
1200
1200
1208
1200
1199
1199
1199
1199
1198
1198
1198
1198
1197
1208
1197
1196
1195
1195
1195
1195
1194
1195
1194
1192
1192
1193
1192
1191
1191
1191
1190
1189
1189
1188
1188
1188
1188
1192
1188
1189
1188
1187
1187
1187
1197
1187
1185
1185
1185
1182
1182
1182
1186
1182
1180
1180
1181
1180
1180
1180
1178
1178
1178
1177
1177
1177
1177
1177
1177
1176
1176
1175
1173
1173
1173
1173
1172
1172
1176
1172
1171
1171
1173
1171
1170
1170
1169
1167
1166
1165
1165
1165
1165
1165
1164
1164
1164
1163
1162
1163
1162
1161
1161
1161
1161
1161
1161
1164
1161
1199
1161
1160
1159
1160
1159
1226
1159
1158
1158
1158
1158
1282
1158
1157
1157
1157
1156
1156
1156
1154
1154
1153
1155
1153
1153
1153
1153
1153
1152
1151
1151
1152
1151
1150
1150
1149
1152
1149
1151
1149
1148
1149
1148
1147
1146
1147
1144
1144
1144
1147
1144
1147
1144
1145
1144
1157
1143
1142
1142
1142
1141
1142
1138
1137
1137
1135
1137
1135
1134
1134
1134
1129
1128
1127
1126
1132
1126
1126
1126
1125
1125
1125
1124
1130
1124
1123
1121
1120
1120
1120
1123
1120
1118
1118
1118
1117
1117
1123
1116
1115
1108
1114
1108
1114
1108
1113
1108
1107
1106
1106
1106
1110
1105
1107
1105
1104
1108
1103
1102
1102
1101
1100
1101
1099
1098
1097
1097
1098
1097
1096
1096
1096
1095
1095
1093
1091
1091
1091
1091
1093
1091
1094
1091
1097
1091
1090
1090
1089
1089
1089
1089
1087
1085
1085
1084
1083
1082
1082
1082
1082
1082
1081
1080
1080
1089
1080
1078
1078
1079
1078
1078
1078
1078
1078
1077
1077
1076
1076
1075
1075
1076
1075
1072
1073
1072
1071
1070
1069
1071
1069
1069
1069
1068
1069
1068
1067
1067
1067
1067
1091
1067
1151
1067
1066
1066
1064
1064
1064
1066
1064
1063
1061
1063
1061
1060
1060
1059
1059
1066
1059
1060
1059
1064
1059
1058
1054
1055
1054
1053
1055
1053
1052
1052
1051
1050
1051
1050
1052
1050
1050
1050
1065
1050
1049
1048
1048
1046
1046
1066
1046
1044
1044
1044
1044
1043
1041
1041
1042
1041
1041
1041
1040
1040
1040
1040
1043
1040
1039
1039
1038
1039
1038
1037
1037
1037
1037
1036
1038
1036
1035
1035
1035
1038
1035
1034
1034
1034
1033
1032
1032
1030
1030
1030
1030
1029
1029
1028
1028
1027
1026
1025
1023
1025
1023
1024
1023
1024
1023
1022
1022
1021
1021
1021
1022
1021
1020
1020
1020
1019
1019
1019
1019
1018
1017
1030
1017
1015
1015
1014
1016
1014
1016
1014
1013
1013
1013
1012
1012
1012
1011
1010
1011
1010
1012
1010
1010
1008
1006
1006
1005
1005
1004
1003
1003
1002
1002
1002
1002
1002
1001
1001
1000
1000
998
998
997
997
996
1001
996
995
994
994
995
994
995
993
992
992
992
992
991
992
991
1001
991
990
990
990
989
990
988
987
987
987
1008
987
986
986
986
997
986
1057
986
984
983
983
983
982
982
982
981
981
979
979
980
979
978
978
978
1065
978
977
977
976
976
976
976
976
974
974
974
974
974
972
972
973
971
976
971
970
967
968
966
969
964
963
963
963
962
961
961
960
960
960
960
959
959
958
958
957
959
956
960
956
955
955
961
955
954
954
953
953
953
952
963
952
949
949
949
949
949
948
948
951
948
947
947
949
947
945
944
948
944
943
943
942
942
1353
942
941
941
940
939
939
938
938
938
936
936
936
936
937
935
933
932
931
935
931
930
930
930
929
939
929
930
929
927
927
928
926
927
926
925
925
924
924
923
922
922
922
924
922
924
922
921
919
919
919
918
918
917
920
917
916
916
915
913
914
913
912
915
911
910
910
909
908
908
908
907
906
916
906
905
905
904
903
904
903
902
902
902
901
901
900
900
899
899
899
898
898
898
900
898
897
897
897
897
919
897
895
895
894
893
895
893
891
890
890
899
890
889
889
889
889
916
889
888
887
886
886
886
885
887
885
897
885
884
884
883
883
883
883
883
882
882
882
882
881
882
881
880
880
880
878
878
876
877
876
877
876
876
876
874
873
874
872
871
879
871
870
869
869
876
869
868
878
868
866
866
866
867
866
865
863
863
864
863
863
863
864
862
861
861
860
861
860
867
860
859
859
858
858
858
857
857
857
857
865
856
855
855
853
852
852
852
852
852
852
852
852
854
851
879
851
849
849
849
849
850
849
848
848
848
848
848
847
846
846
846
847
846
845
844
846
843
841
841
841
843
841
840
838
838
837
840
837
835
834
834
831
831
835
830
828
830
828
827
836
827
826
826
825
825
824
824
825
824
824
824
823
823
822
833
822
821
821
821
820
820
819
818
818
819
818
817
819
817
815
815
814
813
813
814
813
815
813
812
813
812
811
811
811
811
809
812
809
808
808
807
805
804
804
804
806
804
801
803
801
801
801
800
800
799
799
799
803
798
802
798
797
797
797
797
800
797
796
796
796
795
795
796
795
793
792
792
791
790
792
790
794
790
789
788
789
788
826
788
787
787
786
786
785
785
785
787
784
783
782
781
783
781
779
779
778
780
778
777
777
778
777
776
776
776
775
776
775
774
774
773
772
770
772
769
770
769
781
769
766
763
764
763
768
762
768
762
761
761
764
761
760
760
760
786
760
759
758
759
758
757
757
755
755
756
755
756
755
754
753
755
753
751
751
751
751
750
750
757
750
748
748
747
746
749
746
744
749
744
743
743
742
740
740
740
740
739
741
739
738
737
737
737
736
738
736
735
733
735
733
732
731
729
732
729
727
727
730
727
726
726
726
726
726
725
726
724
723
723
723
727
723
721
721
720
720
719
719
719
718
718
717
717
717
716
715
714
714
717
714
713
712
713
712
713
712
711
711
710
711
708
707
707
707
706
705
781
705
704
702
704
702
702
702
701
701
700
701
699
700
699
698
701
698
699
698
697
697
695
695
695
695
695
700
695
694
703
694
693
693
693
693
693
692
692
701
692
690
689
689
689
691
689
688
691
688
686
686
686
686
686
687
686
684
684
704
684
682
682
682
682
681
682
681
682
681
679
678
682
678
677
677
677
677
676
676
675
675
675
674
673
673
672
671
672
669
690
669
668
667
668
667
668
667
666
666
666
666
666
664
664
664
664
664
663
663
663
663
662
662
661
661
665
661
660
660
660
682
660
659
658
658
658
658
658
658
657
656
656
656
655
655
655
653
653
653
654
653
652
652
652
650
650
650
650
649
654
649
648
648
648
647
647
647
648
647
657
647
653
647
646
646
644
644
645
644
643
643
642
642
640
641
640
641
639
638
643
638
639
638
637
636
636
637
636
639
636
635
635
634
633
632
635
632
633
632
630
630
633
630
629
629
629
628
627
626
626
629
626
625
625
630
625
624
624
623
622
623
622
621
620
620
753
620
619
618
618
618
618
618
617
617
617
617
617
615
616
615
614
614
614
617
614
613
613
613
612
612
612
612
611
610
609
610
609
608
609
608
605
605
605
604
605
604
603
603
601
602
601
605
601
600
599
599
599
598
598
598
598
598
598
597
601
597
596
596
596
596
594
595
593
594
593
593
593
594
593
593
593
629
592
591
590
591
590
589
588
588
588
587
587
585
585
586
585
582
582
584
582
581
581
579
579
579
584
579
580
579
578
576
576
578
576
575
575
575
574
574
573
572
573
572
572
572
571
571
571
571
571
570
569
567
566
565
566
565
567
565
569
564
563
563
563
562
562
562
561
560
560
558
559
558
560
558
565
558
557
557
556
557
556
555
555
554
553
553
553
552
550
548
549
548
550
547
546
546
544
545
544
545
542
544
542
541
541
540
540
540
540
540
540
539
539
539
539
539
538
538
540
538
537
537
535
535
535
555
533
532
532
532
531
531
531
531
531
531
531
530
530
530
530
531
530
529
529
528
528
528
527
527
527
527
527
526
526
526
525
525
526
524
523
523
523
522
523
522
521
527
521
519
519
518
517
517
516
515
515
517
515
518
514
512
511
511
511
510
512
510
509
509
511
509
508
508
508
508
506
506
506
506
506
507
506
505
505
505
505
505
504
504
504
504
503
503
504
503
502
501
501
502
501
500
500
500
499
498
499
498
499
498
497
497
496
497
496
495
505
495
494
494
494
493
493
492
492
571
492
491
490
490
490
490
488
488
488
488
487
487
487
486
486
485
484
484
483
483
486
483
482
481
480
479
478
479
478
478
478
487
478
477
477
477
477
476
481
476
474
474
473
473
472
476
472
471
470
632
469
468
468
466
467
466
466
466
464
468
463
460
460
462
460
459
459
458
458
458
468
458
457
457
457
456
455
455
454
455
454
453
452
452
453
452
451
451
451
453
451
466
451
450
450
449
449
449
449
448
447
447
447
449
447
446
446
446
446
445
448
445
444
443
443
443
443
443
444
443
443
443
442
441
442
441
440
440
440
440
440
450
440
439
439
439
437
436
436
435
435
434
434
434
434
434
437
434
439
433
431
432
431
432
431
430
430
430
430
429
433
429
428
428
428
427
427
426
426
426
426
425
424
424
424
424
424
424
422
422
427
422
421
421
421
420
420
420
420
419
418
419
418
420
418
417
417
417
417
416
416
415
415
414
414
417
414
413
413
412
412
411
411
411
411
411
411
414
411
409
410
409
409
409
407
407
407
407
424
407
406
406
406
404
404
404
404
403
402
403
402
405
402
401
401
401
399
399
398
397
397
397
396
396
396
395
395
395
395
394
394
394
394
394
394
871
394
393
391
393
391
393
391
390
390
389
389
388
387
388
387
383
383
385
382
386
382
381
384
381
380
380
380
380
379
379
378
377
377
379
376
374
373
375
373
372
371
369
369
372
368
367
380
367
366
365
364
365
364
364
364
366
364
362
362
363
361
363
360
379
360
359
359
359
358
357
357
356
357
356
355
354
355
354
354
354
354
354
353
353
353
352
353
352
352
352
351
350
350
350
350
350
349
349
359
349
348
347
347
346
346
345
347
345
348
345
344
344
348
344
343
343
343
342
341
341
342
341
341
341
340
340
340
339
342
338
337
337
336
336
335
336
335
334
334
334
334
333
334
333
332
332
331
331
330
330
328
328
327
326
325
325
324
324
324
323
323
335
323
322
345
320
317
316
316
317
316
317
315
313
311
312
311
310
310
310
309
309
309
313
309
308
309
308
307
304
303
304
303
304
303
301
302
301
299
300
299
302
299
299
299
305
299
298
298
298
298
295
295
295
295
294
294
294
293
293
293
297
293
292
314
292
291
291
291
291
291
289
289
291
289
288
288
288
288
291
287
286
286
286
286
284
284
284
283
282
282
282
283
282
282
282
283
282
285
282
281
280
280
279
278
278
278
277
275
275
277
275
274
274
274
273
273
273
273
273
272
272
271
271
269
268
269
268
267
266
266
269
266
325
266
264
264
264
262
264
262
261
261
261
259
259
259
258
257
257
257
256
256
256
259
256
260
256
255
255
255
254
253
252
254
252
251
251
249
249
249
249
249
248
248
248
247
247
247
248
247
246
246
246
246
245
245
244
245
244
242
242
242
242
242
242
250
242
241
240
240
239
239
240
239
238
238
238
237
237
237
237
236
235
235
235
235
237
235
234
233
231
229
228
228
238
228
226
225
224
227
224
223
223
224
223
222
222
222
225
221
220
220
220
264
220
219
218
216
214
217
214
217
213
217
213
212
210
208
208
207
207
210
207
212
207
206
206
205
205
204
204
206
204
209
204
244
204
203
203
202
202
202
202
202
253
202
201
201
201
200
200
200
200
200
199
198
198
198
197
197
197
197
194
194
193
194
193
196
193
192
191
199
191
190
190
190
190
189
187
187
187
186
186
190
186
199
186
185
185
185
184
183
185
183
191
183
182
181
180
180
179
179
179
178
178
178
177
177
177
177
182
177
176
174
174
171
172
171
172
171
170
170
172
170
169
168
168
168
167
166
166
165
165
165
164
164
164
162
166
162
165
162
164
162
163
162
162
162
161
161
172
161
169
161
179
161
158
158
157
159
155
154
154
153
153
153
152
152
152
152
151
151
151
156
151
150
149
149
154
149
148
148
148
147
146
146
145
143
146
143
145
143
142
142
142
142
141
141
141
140
146
140
139
138
138
139
138
139
138
137
137
139
136
135
138
135
134
134
133
134
133
132
132
131
131
131
131
131
130
129
129
130
129
128
128
128
128
127
127
126
126
126
125
125
127
125
126
123
122
121
119
119
119
119
119
119
118
118
117
117
118
117
116
116
115
115
115
117
115
113
113
112
116
111
110
110
113
110
109
108
109
106
104
104
105
104
101
101
101
101
101
99
108
99
97
97
98
96
98
96
95
104
95
94
94
94
94
93
92
92
92
92
91
92
91
90
90
90
89
91
88
87
87
87
87
86
85
86
85
84
84
84
84
84
84
82
81
80
80
79
78
78
78
78
78
78
84
78
77
77
77
76
103
76
75
75
74
74
74
74
73
73
75
73
71
72
71
71
71
69
69
69
71
69
68
67
65
65
63
63
67
63
64
63
62
62
61
61
61
61
61
68
61
60
59
60
59
58
57
56
57
56
55
54
53
53
52
51
50
50
51
50
51
50
62
50
49
49
48
48
48
48
96
48
47
46
46
46
47
45
47
45
43
47
43
42
42
42
40
38
38
38
37
37
37
40
37
36
36
36
36
35
34
35
33
32
34
32
38
32
31
30
30
117
30
29
29
29
29
29
28
28
26
26
26
26
26
26
25
24
24
24
25
24
22
21
21
21
19
19
68
18
17
17
16
16
16
15
14
14
14
12
12
12
17
12
11
9
9
9
8
8
8
8
7
7
7
7
6
6
5
5
5
4
4
3
2
2
2
2
2
2
2
2
1
3
1
