1
1
1
1
2
2
2
2
2
5
6
8
9
9
10
12
13
13
13
13
13
14
14
15
16
16
18
19
23
24
24
25
25
26
27
28
28
29
29
29
30
30
31
31
32
34
37
37
39
40
42
43
43
43
44
44
46
48
50
50
50
50
51
51
51
51
52
53
53
56
57
58
59
60
60
60
61
61
61
62
64
64
64
67
67
68
68
68
70
71
71
72
73
73
74
75
75
77
78
78
79
79
82
82
83
83
84
85
85
87
88
89
89
91
91
91
92
93
94
94
95
95
96
96
96
96
97
98
99
100
100
100
100
101
102
102
105
105
107
108
109
110
110
111
113
116
116
116
116
116
117
119
122
124
125
125
125
125
126
127
127
129
130
130
131
133
134
136
136
137
137
137
140
141
141
143
143
144
145
145
146
146
148
149
149
149
150
151
152
153
154
154
155
158
159
159
159
160
161
161
162
163
163
164
164
166
167
167
168
168
169
169
170
170
171
171
171
173
173
173
173
173
173
174
174
176
176
177
179
179
179
180
181
183
184
185
186
186
186
188
190
190
191
192
192
192
193
194
195
196
197
197
198
198
199
199
199
200
202
202
203
204
204
204
205
205
205
206
206
206
209
210
210
211
211
211
212
212
213
214
214
214
218
218
219
219
221
221
222
223
223
224
224
224
226
228
229
229
232
232
232
232
234
235
235
236
237
238
238
240
241
241
241
244
245
245
247
247
248
248
249
250
253
253
254
254
256
256
257
257
257
262
263
264
264
264
265
266
267
268
269
270
271
273
274
276
277
278
279
280
281
281
282
282
285
287
287
290
293
295
297
298
300
301
302
303
304
305
305
307
308
309
310
311
311
312
313
314
315
317
318
318
318
319
320
321
323
324
325
325
326
327
329
330
332
335
336
336
337
337
338
338
338
339
342
342
343
343
344
344
345
346
347
347
347
349
350
350
352
352
355
355
356
356
357
357
358
359
360
360
360
362
363
364
366
366
367
368
368
368
369
369
370
370
371
372
373
374
375
376
377
378
378
378
379
379
382
383
383
383
384
384
385
385
385
387
388
389
389
390
390
391
393
393
393
396
400
400
400
401
401
402
402
402
402
402
404
404
404
404
405
405
406
407
407
408
408
409
410
411
412
414
414
416
417
418
421
421
422
423
424
425
426
429
429
429
430
430
430
430
432
432
433
436
436
437
438
440
440
441
442
442
442
442
444
444
445
445
446
446
451
452
452
452
452
454
456
457
457
457
458
459
460
463
468
469
469
469
469
470
471
472
472
474
475
478
480
480
481
481
482
483
484
485
485
487
487
488
488
489
490
490
491
492
493
493
494
494
496
498
499
500
500
502
503
504
506
506
508
508
509
509
509
509
510
511
511
511
512
512
512
513
513
513
515
515
515
515
517
521
521
521
522
522
524
524
524
526
528
528
529
530
531
531
531
531
532
533
534
535
535
536
538
541
541
541
542
543
543
544
544
544
545
545
547
547
548
549
550
550
551
552
554
555
556
557
558
558
559
562
562
562
562
564
564
565
566
567
567
568
568
569
570
572
572
574
574
574
574
575
576
578
579
579
581
582
584
584
585
585
587
588
588
589
590
591
593
593
593
593
594
595
595
595
596
597
597
597
598
599
599
600
602
602
602
603
603
604
605
605
606
606
606
607
608
609
611
611
611
611
611
612
613
613
613
613
614
615
615
618
618
619
620
621
623
624
624
625
625
626
626
627
627
627
629
630
631
634
635
636
637
638
638
639
641
642
643
644
644
646
646
646
648
648
649
650
651
651
652
652
653
654
654
654
654
654
655
655
656
656
657
657
658
660
661
664
664
664
664
665
667
668
668
669
670
671
671
671
672
672
674
675
676
677
677
678
679
680
680
682
682
683
685
685
685
686
687
687
687
687
687
688
688
690
690
691
692
692
692
695
695
696
696
697
698
698
699
700
700
702
703
704
704
705
705
706
706
706
706
707
708
708
708
709
709
709
713
713
714
714
717
717
717
718
719
720
720
722
722
722
722
723
724
724
724
726
726
726
726
729
730
731
732
733
734
735
736
737
737
738
738
740
741
743
743
744
745
745
746
746
746
747
747
747
748
748
749
749
750
750
751
752
752
753
753
755
756
757
758
759
759
760
761
761
761
761
762
764
764
764
764
765
765
766
766
767
768
768
768
769
770
770
771
772
775
776
777
780
782
782
782
784
784
785
785
785
785
786
786
788
789
790
791
791
792
793
793
794
795
795
795
795
796
797
798
799
800
800
801
801
802
802
803
804
804
804
805
805
807
808
809
810
811
811
814
820
820
822
822
822
822
823
823
824
825
825
826
828
829
829
830
831
834
834
834
835
836
837
839
840
841
841
843
845
845
846
847
848
851
851
851
852
852
852
852
853
854
854
857
859
860
860
865
865
865
867
868
870
870
870
872
874
877
877
878
878
878
880
882
885
885
886
886
888
890
893
897
897
897
898
899
901
902
905
907
907
910
911
911
911
911
912
912
913
913
913
914
917
918
918
921
921
921
922
923
923
926
928
929
930
930
932
933
934
934
937
937
938
938
938
938
941
941
942
942
943
943
944
944
945
945
946
946
948
949
949
950
950
951
951
952
954
955
955
958
958
960
961
962
963
964
965
965
965
966
967
968
968
968
970
971
971
972
974
974
974
976
977
978
979
980
981
983
985
986
987
987
989
990
991
991
992
992
993
993
993
994
995
996
996
997
997
998
998
1000
1005
1005
1005
1005
1006
1007
1007
1007
1009
1009
1011
1011
1012
1013
1013
1014
1014
1014
1014
1016
1019
1019
1020
1020
1020
1022
1022
1022
1023
1024
1025
1026
1026
1029
1029
1031
1034
1035
1035
1036
1036
1037
1038
1039
1040
1040
1040
1042
1044
1044
1045
1046
1047
1048
1048
1049
1052
1054
1054
1056
1056
1057
1058
1059
1059
1059
1060
1060
1063
1067
1067
1068
1068
1068
1069
1069
1072
1072
1072
1073
1074
1075
1075
1076
1078
1079
1080
1080
1080
1082
1083
1083
1084
1084
1084
1085
1085
1086
1086
1086
1088
1089
1089
1089
1089
1089
1091
1094
1094
1094
1095
1095
1097
1098
1099
1099
1099
1101
1101
1102
1102
1103
1103
1105
1107
1109
1110
1110
1110
1113
1114
1114
1116
1116
1117
1118
1118
1118
1120
1121
1123
1123
1127
1128
1129
1129
1130
1130
1132
1134
1136
1137
1137
1138
1139
1139
1140
1141
1142
1142
1142
1142
1144
1145
1145
1145
1145
1145
1145
1145
1146
1146
1146
1146
1147
1147
1148
1148
1149
1149
1151
1154
1155
1159
1159
1160
1162
1165
1165
1166
1166
1166
1168
1169
1170
1172
1173
1174
1175
1175
1176
1177
1180
1180
1182
1184
1184
1186
1187
1188
1189
1189
1189
1190
1190
1191
1192
1192
1193
1194
1195
1196
1197
1200
1200
1202
1205
1206
1207
1207
1207
1207
1209
1209
1210
1210
1212
1214
1214
1215
1215
1216
1218
1218
1219
1220
1221
1221
1221
1222
1222
1223
1223
1224
1224
1224
1226
1227
1227
1228
1228
1230
1230
1232
1232
1232
1233
1235
1236
1237
1240
1240
1241
1241
1242
1243
1245
1245
1245
1246
1246
1246
1246
1247
1248
1248
1249
1250
1251
1251
1252
1253
1254
1255
1256
1257
1259
1260
1262
1262
1264
1264
1264
1264
1264
1266
1267
1267
1268
1269
1269
1270
1270
1272
1274
1275
1275
1277
1277
1278
1278
1279
1281
1281
1283
1284
1285
1286
1287
1287
1288
1291
1292
1293
1294
1294
1294
1294
1294
1295
1296
1297
1298
1298
1298
1298
1298
1299
1301
1304
1304
1309
1309
1309
1309
1310
1311
1311
1311
1312
1312
1314
1315
1316
1316
1317
1318
1318
1318
1318
1319
1319
1319
1321
1321
1321
1323
1323
1325
1327
1327
1327
1329
1331
1332
1332
1333
1333
1333
1334
1335
1335
1338
1339
1339
1340
1340
1340
1340
1341
1342
1342
1343
1343
1346
1347
1349
1350
1352
1352
1353
1353
1353
1353
1354
1356
1356
1357
1358
1359
1360
1361
1361
1361
1362
1362
1363
1363
1364
1365
1365
1365
1366
1366
1368
1369
1369
1369
1369
1370
1371
1371
1371
1372
1372
1374
1375
1375
1375
1375
1377
1378
1378
1381
1382
1382
1384
1385
1386
1386
1387
1389
1389
1389
1391
1391
1392
1394
1396
1397
1397
1398
1399
1400
1400
1401
1402
1402
1406
1407
1408
1408
1408
1409
1413
1413
1414
1414
1415
1415
1420
1420
1421
1421
1422
1423
1423
1423
1424
1424
1427
1428
1429
1430
1431
1432
1433
1433
1434
1434
1435
1437
1438
1439
1439
1440
1440
1441
1441
1442
1444
1446
1446
1447
1448
1451
1454
1454
1456
1456
1458
1459
1460
1461
1461
1461
1462
1462
1463
1463
1464
1464
1466
1466
1469
1469
1469
1469
1470
1473
1474
1474
1475
1475
1477
1478
1481
1481
1482
1483
1483
1484
1484
1485
1486
1487
1489
1490
1490
1491
1491
1492
1493
1494
1497
1498
1498
1499
1501
1502
1502
1502
1503
1504
1505
1506
1506
1506
1508
1508
1509
1510
1510
1514
1515
1516
1516
1516
1517
1517
1517
1518
1518
1518
1519
1519
1520
1520
1521
1521
1521
1523
1527
1528
1528
1530
1530
1530
1530
1531
1531
1531
1532
1532
1533
1535
1536
1537
1538
1540
1540
1540
1541
1542
1542
1542
1543
1543
1543
1544
1546
1546
1547
1548
1548
1549
1549
1550
1551
1555
1558
1558
1558
1562
1563
1564
1566
1566
1566
1566
1567
1567
1567
1567
1568
1569
1569
1570
1571
1571
1571
1572
1576
1579
1579
1580
1580
1582
1583
1583
1585
1585
1587
1588
1589
1591
1591
1592
1593
1593
1593
1593
1594
1594
1595
1595
1595
1596
1597
1599
1601
1601
1603
1604
1604
1605
1606
1607
1607
1607
1608
1608
1608
1610
1611
1611
1612
1613
1614
1615
1616
1617
1619
1619
1619
1619
1620
1622
1622
1623
1623
1625
1625
1626
1626
1627
1627
1632
1632
1633
1634
1634
1635
1635
1637
1638
1638
1638
1638
1639
1641
1641
1643
1644
1644
1645
1646
1646
1646
1647
1647
1648
1650
1652
1652
1652
1654
1655
1656
1657
1658
1659
1661
1661
1661
1662
1662
1664
1666
1666
1666
1666
1666
1667
1667
1668
1670
1670
1670
1671
1674
1675
1677
1678
1678
1679
1679
1679
1680
1681
1681
1682
1686
1686
1687
1687
1687
1687
1688
1688
1688
1688
1689
1690
1690
1690
1691
1691
1692
1693
1693
1693
1694
1695
1695
1695
1696
1696
1697
1697
1697
1697
1698
1699
1699
1699
1700
1700
1700
1701
1701
1704
1705
1705
1707
1708
1708
1708
1709
1710
1711
1711
1713
1716
1717
1718
1718
1718
1719
1719
1720
1721
1721
1723
1724
1724
1724
1724
1725
1725
1726
1727
1727
1728
1729
1730
1731
1731
1731
1732
1732
1732
1733
1733
1734
1737
1737
1737
1738
1738
1739
1740
1740
1741
1741
1742
1743
1743
1743
1743
1746
1747
1747
1747
1748
1748
1750
1750
1751
1752
1752
1752
1753
1753
1754
1754
1754
1755
1755
1755
1757
1758
1759
1761
1761
1761
1763
1764
1765
1766
1770
1771
1771
1773
1773
1773
1774
1775
1778
1778
1783
1785
1787
1790
1790
1791
1791
1792
1792
1793
1793
1794
1795
1795
1798
1799
1799
1799
1799
1800
1801
1801
1802
1802
1803
1803
1805
1805
1806
1806
1807
1807
1807
1807
1808
1809
1809
1809
1810
1812
1813
1813
1813
1813
1814
1814
1814
1814
1815
1815
1816
1816
1816
1817
1818
1818
1818
1820
1820
1820
1821
1823
1824
1824
1824
1824
1825
1825
1829
1831
1832
1833
1834
1834
1835
1835
1835
1835
1836
1837
1837
1837
1837
1838
1839
1839
1840
1841
1841
1841
1841
1842
1844
1845
1845
1846
1846
1847
1848
1849
1849
1849
1849
1850
1852
1854
1854
1856
1856
1857
1857
1857
1857
1860
1861
1862
1862
1864
1864
1865
1865
1869
1869
1870
1871
1871
1873
1874
1876
1876
1876
1877
1879
1879
1881
1882
1883
1883
1886
1887
1887
1887
1887
1890
1891
1891
1901
1901
1902
1902
1902
1903
1905
1905
1906
1907
1907
1907
1910
1910
1911
1911
1912
1913
1913
1913
1913
1914
1914
1915
1915
1916
1916
1916
1916
1916
1917
1917
1917
1917
1917
1917
1918
1918
1918
1919
1919
1920
1921
1922
1922
1924
1925
1926
1926
1926
1927
1927
1927
1927
1928
1928
1930
1930
1930
1930
1930
1931
1931
1931
1932
1933
1933
1934
1936
1937
1937
1938
1939
1940
1940
1940
1941
1941
1942
1943
1943
1944
1944
1944
1945
1945
1945
1946
1947
1947
1947
1948
1948
1949
1954
1955
1955
1957
1961
1962
1962
1963
1964
1964
1966
1966
1966
1967
1967
1967
1968
1970
1970
1971
1972
1972
1972
1974
1975
1976
1976
1978
1980
1980
1981
1982
1982
1982
1982
1984
1985
1985
1986
1989
1990
1990
1991
1992
1992
1994
1996
1996
1998
1999
1999
2000
2000
2000
2000
2001
2002
2002
2002
2003
2004
2006
2008
2009
2009
2010
2013
2013
2013
2014
2015
2015
2017
2017
2018
2020
2020
2020
2021
2022
2022
2022
2023
2024
2024
2024
2025
2025
2026
2026
2028
2029
2029
2029
2030
2031
2032
2032
2032
2034
2034
2036
2038
2038
2039
2040
2040
2040
2041
2041
2042
2042
2043
2044
2044
2044
2044
2045
2046
2046
2047
2047
2047
2048
2049
2049
2050
2050
2051
2052
2055
2056
2058
2059
2059
2060
2060
2061
2062
2062
2062
2062
2063
2064
2065
2065
2066
2066
2066
2067
2067
2067
2068
2069
2069
2070
2071
2072
2073
2074
2076
2077
2077
2077
2078
2079
2079
2079
2080
2081
2081
2081
2083
2083
2087
2087
2087
2087
2087
2089
2089
2090
2091
2091
2092
2094
2095
2096
2096
2098
2099
2100
2100
2100
2101
2102
2103
2104
2105
2105
2105
2106
2106
2107
2107
2107
2107
2109
2109
2110
2113
2115
2115
2115
2116
2116
2119
2121
2124
2124
2126
2126
2127
2128
2128
2130
2130
2132
2135
2136
2139
2139
2140
2141
2145
2145
2146
2147
2151
2151
2152
2152
2152
2154
2155
2156
2157
2157
2158
2158
2158
2159
2160
2160
2161
2164
2165
2167
2167
2167
2169
2170
2171
2171
2172
2172
2173
2174
2176
2176
2181
2181
2183
2184
2184
2185
2185
2185
2185
2186
2186
2187
2190
2192
2192
2192
2194
2194
2195
2196
2196
2196
2197
2197
2198
2198
2199
2199
2200
2200
2201
2202
2202
2204
2204
2205
2206
2208
2208
2208
2209
2209
2210
2211
2212
2213
2216
2216
2217
2217
2218
2218
2218
2218
2219
2220
2220
2220
2223
2223
2224
2224
2225
2226
2226
2227
2227
2228
2228
2230
2231
2232
2233
2233
2234
2238
2238
2239
2240
2240
2240
2241
2241
2242
2243
2244
2247
2248
2248
2248
2248
2249
2249
2249
2249
2250
2250
2251
2252
2252
2253
2254
2255
2256
2257
2257
2258
2260
2263
2264
2265
2266
2266
2267
2267
2268
2269
2269
2269
2269
2269
2269
2270
2270
2271
2271
2273
2277
2278
2278
2279
2279
2279
2281
2281
2282
2283
2283
2285
2286
2289
2290
2291
2291
2292
2293
2293
2294
2296
2298
2298
2298
2298
2299
2299
2300
2302
2304
2308
2309
2309
2310
2310
2310
2311
2311
2311
2311
2311
2314
2315
2317
2318
2320
2320
2322
2322
2322
2324
2324
2325
2327
2327
2328
2328
2329
2329
2330
2330
2331
2332
2333
2334
2335
2335
2335
2336
2336
2337
2338
2338
2339
2343
2343
2344
2344
2346
2347
2348
2349
2349
2351
2351
2352
2352
2353
2353
2354
2354
2355
2356
2357
2358
2358
2359
2359
2360
2361
2362
2362
2363
2363
2363
2366
2366
2367
2367
2367
2369
2369
2369
2370
2370
2374
2374
2374
2375
2375
2377
2379
2379
2379
2379
2383
2384
2386
2386
2387
2387
2388
2388
2389
2390
2391
2391
2391
2391
2394
2394
2395
2395
2396
2396
2397
2399
2400
2403
2403
2404
2404
2405
2405
2405
2406
2407
2410
2411
2412
2412
2413
2413
2413
2416
2417
2418
2419
2420
2420
2421
2424
2426
2427
2428
2428
2428
2429
2431
2432
2433
2433
2433
2434
2435
2436
2437
2437
2438
2438
2439
2442
2443
2443
2444
2444
2445
2445
2445
2445
2445
2445
2447
2448
2448
2449
2450
2450
2452
2452
2452
2453
2454
2456
2456
2456
2458
2458
2459
2460
2461
2461
2461
2461
2462
2463
2464
2465
2465
2466
2467
2468
2468
2468
2469
2469
2470
2470
2471
2472
2473
2473
2473
2473
2474
2475
2477
2478
2478
2479
2479
2479
2480
2480
2481
2481
2483
2483
2485
2486
2489
2489
2491
2493
2494
2495
2496
2496
2497
2498
2499
2499
2500
2500
2500
2502
2506
2507
2507
2509
2510
2513
2517
2517
2517
2519
2519
2520
2521
2523
2523
2524
2524
2524
2525
2525
2526
2526
2526
2526
2526
2528
2528
2528
2529
2529
2531
2532
2532
2532
2533
2533
2533
2535
2535
2535
2536
2536
2537
2537
2537
2539
2540
2540
2540
2540
2541
2541
2542
2543
2545
2545
2545
2545
2545
2546
2546
2548
2549
2550
2550
2551
2551
2552
2552
2556
2558
2559
2560
2561
2561
2562
2563
2564
2565
2566
2568
2569
2570
2570
2572
2572
2573
2573
2574
2576
2576
2576
2577
2577
2577
2577
2577
2579
2579
2580
2581
2581
2582
2584
2585
2586
2588
2588
2589
2589
2591
2591
2592
2595
2596
2597
2597
2597
2598
2598
2598
2599
2601
2602
2602
2605
2605
2605
2608
2608
2609
2611
2612
2613
2614
2614
2614
2614
2616
2616
2616
2616
2617
2618
2619
2619
2620
2620
2620
2622
2623
2624
2625
2625
2626
2627
2628
2628
2629
2629
2629
2630
2631
2632
2632
2634
2635
2635
2635
2635
2635
2637
2638
2638
2639
2640
2641
2642
2642
2643
2644
2644
2645
2645
2645
2648
2650
2650
2652
2653
2654
2654
2655
2656
2657
2657
2657
2657
2658
2658
2658
2658
2658
2659
2659
2659
2660
2660
2660
2662
2662
2663
2664
2664
2666
2668
2669
2669
2670
2673
2673
2673
2674
2675
2677
2677
2678
2678
2678
2678
2679
2679
2680
2680
2682
2682
2682
2686
2686
2687
2688
2690
2690
2690
2691
2694
2694
2694
2695
2696
2696
2697
2697
2698
2698
2698
2700
2702
2702
2705
2706
2708
2709
2710
2710
2711
2712
2713
2714
2714
2714
2715
2715
2715
2717
2718
2720
2720
2721
2722
2722
2723
2725
2725
2727
2727
2729
2730
2731
2731
2732
2732
2732
2733
2734
2734
2734
2735
2736
2737
2740
2740
2741
2742
2743
2744
2747
2747
2748
2748
2750
2750
2752
2752
2753
2753
2754
2754
2754
2755
2758
2758
2758
2758
2760
2760
2761
2762
2763
2764
2764
2765
2766
2766
2766
2767
2768
2771
2772
2772
2772
2774
2776
2779
2781
2782
2782
2783
2784
2785
2785
2787
2789
2791
2794
2795
2795
2799
2801
2802
2804
2805
2808
2808
2808
2809
2810
2810
2811
2814
2815
2815
2817
2818
2818
2818
2819
2820
2820
2820
2821
2822
2823
2824
2826
2827
2829
2831
2831
2832
2832
2832
2834
2834
2837
2838
2839
2840
2842
2842
2844
2848
2848
2848
2849
2850
2851
2852
2852
2852
2852
2855
2856
2858
2860
2861
2863
2864
2864
2864
2866
2867
2870
2871
2872
2875
2875
2876
2878
2879
2881
2883
2884
2884
2885
2885
2887
2889
2889
2890
2890
2890
2891
2891
2891
2893
2894
2894
2902
2903
2904
2905
2906
2908
2909
2909
2910
2912
2912
2914
2919
2921
2921
2921
2922
2923
2924
2925
2929
2929
2930
2932
2934
2936
2938
2940
2942
2944
2944
2945
2945
2947
2949
2949
2950
2950
2951
2952
2955
2956
2956
2958
2958
2958
2959
2959
2960
2963
2963
2963
2965
2968
2969
2969
2970
2970
2971
2972
2977
2978
2978
2978
2980
2980
2980
2981
2981
2982
2982
2983
2983
2983
2984
2985
2986
2989
2990
2991
2991
2995
2995
2996
2997
2998
3000
3002
3003
3003
3004
3006
3006
3006
3008
3009
3011
3011
3013
3015
3016
3017
3018
3018
3018
3019
3019
3019
3022
3023
3023
3023
3024
3024
3024
3025
3026
3026
3026
3026
3026
3027
3028
3030
3031
3032
3032
3033
3033
3036
3036
3037
3038
3040
3044
3044
3045
3045
3046
3047
3047
3048
3049
3050
3056
3056
3057
3057
3057
3058
3060
3060
3061
3062
3064
3064
3065
3068
3069
3071
3071
3072
3072
3073
3073
3073
3074
3074
3075
3075
3076
3079
3079
3079
3081
3082
3085
3087
3087
3088
3089
3089
3091
3092
3092
3093
3094
3095
3096
3096
3096
3096
3099
3102
3102
3103
3104
3108
3115
3115
3117
3120
3121
3121
3121
3123
3123
3126
3126
3127
3127
3128
3131
3131
3135
3136
3136
3136
3137
3138
3139
3140
3140
3142
3145
3145
3148
3151
3151
3153
3154
3154
3155
3157
3157
3158
3160
3161
3161
3161
3161
3162
3163
3163
3164
3167
3167
3167
3168
3168
3169
3169
3170
3174
3174
3175
3177
3178
3178
3178
3179
3179
3179
3181
3182
3182
3184
3184
3185
3185
3185
3185
3185
3186
3187
3188
3189
3190
3190
3191
3191
3194
3195
3195
3196
3196
3197
3198
3200
3202
3203
3203
3203
3205
3207
3208
3208
3208
3209
3209
3211
3211
3212
3213
3213
3214
3215
3216
3217
3218
3218
3218
3220
3221
3222
3223
3225
3227
3227
3229
3229
3229
3231
3232
3234
3234
3235
3235
3235
3242
3247
3248
3248
3250
3251
3253
3256
3256
3256
3256
3257
3258
3259
3260
3262
3264
3264
3265
3266
3267
3268
3268
3269
3270
3271
3272
3273
3274
3274
3275
3276
3276
3279
3279
3279
3283
3284
3285
3285
3285
3285
3286
3287
3290
3290
3290
3291
3292
3294
3294
3294
3294
3295
3298
3299
3300
3301
3301
3301
3302
3302
3305
3305
3306
3307
3309
3309
3309
3309
3311
3312
3312
3317
3317
3317
3318
3319
3322
3323
3326
3328
3329
3329
3332
3333
3334
3335
3336
3336
3337
3337
3338
3339
3340
3342
3344
3347
3349
3349
3349
3349
3352
3354
3355
3355
3358
3358
3358
3358
3359
3359
3360
3362
3362
3363
3363
3364
3364
3364
3365
3368
3369
3370
3370
3371
3374
3375
3378
3381
3381
3381
3382
3382
3386
3387
3388
3389
3391
3392
3392
3393
3395
3395
3397
3397
3398
3398
3400
3401
3401
3402
3402
3403
3404
3409
3411
3412
3413
3413
3413
3415
3416
3418
3419
3419
3420
3421
3421
3423
3423
3425
3425
3425
3428
3430
3433
3434
3435
3435
3435
3436
3437
3439
3441
3441
3442
3442
3442
3443
3445
3447
3447
3448
3451
3452
3453
3454
3454
3454
3456
3456
3457
3458
3459
3460
3463
3464
3464
3467
3468
3469
3469
3469
3471
3475
3478
3479
3479
3480
3480
3481
3481
3482
3484
3487
3490
3491
3491
3492
3494
3496
3497
3498
3498
3498
3499
3499
3500
3500
3502
3505
3505
3506
3508
3508
3509
3510
3512
3513
3515
3516
3518
3518
3523
3525
3527
3529
3529
3534
3535
3538
3538
3539
3541
3541
3542
3545
3546
3552
3552
3553
3555
3555
3556
3556
3556
3558
3558
3558
3559
3560
3561
3563
3563
3564
3565
3565
3567
3568
3570
3570
3571
3573
3574
3574
3575
3575
3575
3577
3581
3582
3583
3583
3587
3587
3588
3588
3590
3590
3591
3592
3593
3594
3594
3595
3596
3596
3596
3597
3598
3600
3601
3603
3603
3603
3603
3604
3605
3607
3607
3608
3609
3612
3614
3615
3616
3617
3618
3618
3621
3626
3626
3627
3627
3629
3630
3630
3630
3631
3631
3633
3633
3634
3634
3636
3637
3637
3638
3640
3641
3641
3642
3643
3644
3644
3646
3648
3649
3650
3652
3652
3652
3653
3653
3655
3656
3657
3660
3661
3661
3661
3662
3663
3666
3667
3670
3670
3671
3672
3673
3674
3676
3677
3677
3677
3678
3679
3680
3680
3683
3685
3686
3687
3687
3688
3688
3688
3688
3689
3689
3691
3692
3692
3692
3694
3694
3694
3696
3697
3698
3699
3699
3700
3702
3703
3704
3708
3710
3712
3712
3713
3713
3714
3720
3722
3724
3724
3724
3724
3725
3725
3725
3726
3728
3728
3728
3729
3729
3735
3737
3737
3738
3739
3739
3740
3741
3744
3745
3747
3748
3748
3749
3749
3750
3752
3752
3753
3753
3753
3754
3758
3758
3762
3763
3764
3764
3766
3766
3769
3770
3770
3770
3772
3774
3775
3778
3780
3782
3785
3786
3786
3787
3787
3787
3787
3788
3790
3791
3791
3792
3792
3792
3793
3793
3793
3794
3794
3794
3795
3796
3797
3797
3798
3801
3802
3802
3804
3805
3806
3806
3808
3809
3809
3809
3810
3811
3817
3817
3822
3823
3823
3824
3825
3825
3826
3828
3828
3828
3829
3830
3830
3831
3833
3838
3840
3840
3841
3841
3842
3842
3843
3843
3843
3844
3846
3848
3848
3851
3853
3854
3855
3857
3858
3858
3858
3858
3861
3861
3863
3864
3866
3866
3869
3870
3872
3872
3878
3878
3879
3881
3882
3883
3885
3887
3888
3889
3890
3893
3894
3895
3895
3895
3896
3896
3897
3900
3902
3905
3905
3906
3908
3909
3910
3913
3913
3914
3916
3916
3917
3921
3922
3923
3928
3928
3931
3931
3931
3933
3933
3934
3935
3935
3935
3936
3936
3936
3937
3937
3941
3941
3941
3942
3944
3944
3946
3946
3949
3950
3952
3953
3956
3958
3960
3961
3961
3962
3963
3963
3968
3969
3969
3969
3970
3970
3972
3973
3976
3976
3978
3979
3980
3981
3982
3982
3983
3984
3985
3989
3990
3991
3991
3992
3992
3994
3996
3996
3997
3999
4000
4002
4002
4004
4004
4005
4005
4007
4007
4008
4010
4011
4011
4012
4012
4013
4015
4017
4019
4020
4024
4026
4027
4028
4028
4029
4032
4033
4033
4033
4035
4036
4036
4038
4040
4040
4040
4040
4041
4041
4042
4043
4044
4045
4046
4046
4047
4047
4050
4050
4051
4051
4052
4054
4054
4057
4058
4058
4060
4062
4065
4066
4068
4069
4069
4069
4071
4073
4073
4074
4074
4076
4077
4079
4082
4082
4083
4083
4083
4084
4084
4084
4084
4086
4087
4088
4088
4089
4089
4093
4093
4094
4094
4096
4097
4098
4098
4103
4103
4104
4105
4105
4107
4109
4110
4110
4111
4112
4117
4118
4118
4121
4123
4124
4124
4125
4126
4126
4127
4128
4128
4132
4136
4137
4142
4142
4142
4142
4143
4145
4146
4147
4148
4148
4153
4153
4155
4163
4164
4164
4168
4168
4169
4171
4172
4172
4175
4175
4176
4180
4183
4184
4185
4186
4189
4190
4192
4193
4194
4199
4200
4200
4202
4204
4204
4208
4209
4209
4210
4212
4213
4215
4218
4218
4218
4220
4221
4222
4222
4224
4225
4226
4229
4230
4232
4233
4233
4234
4234
4237
4238
4241
4241
4245
4249
4250
4250
4251
4251
4253
4253
4254
4257
4258
4261
4262
4262
4263
4263
4264
4265
4267
4267
4267
4268
4268
4270
4271
4272
4275
4277
4277
4281
4281
4281
4281
4282
4284
4286
4287
4290
4292
4292
4293
4294
4298
4300
4301
4301
4301
4301
4306
4308
4308
4310
4310
4310
4311
4311
4312
4315
4318
4319
4319
4320
4320
4321
4322
4324
4325
4328
4328
4328
4330
4330
4331
4331
4331
4333
4333
4335
4335
4336
4337
4338
4338
4340
4341
4342
4343
4343
4345
4347
4347
4348
4349
4349
4350
4352
4354
4357
4357
4362
4363
4364
4365
4366
4366
4367
4367
4367
4368
4370
4373
4373
4374
4376
4376
4376
4378
4380
4383
4383
4385
4387
4389
4391
4391
4393
4393
4394
4394
4396
4398
4398
4399
4400
4400
4401
4401
4401
4402
4404
4405
4405
4406
4407
4408
4408
4409
4411
4412
4413
4418
4419
4419
4420
4420
4421
4421
4422
4423
4423
4423
4426
4426
4427
4428
4429
4429
4430
4431
4435
4435
4436
4441
4444
4445
4447
4447
4448
4448
4449
4450
4452
4452
4453
4455
4456
4456
4461
4462
4463
4463
4463
4463
4464
4464
4465
4465
4466
4466
4467
4471
4471
4471
4472
4472
4473
4474
4474
4476
4476
4477
4483
4483
4483
4484
4485
4485
4491
4492
4493
4494
4494
4495
4498
4502
4504
4504
4504
4505
4507
4508
4509
4509
4510
4510
4512
4512
4512
4515
4515
4520
4520
4522
4524
4524
4527
4527
4528
4530
4530
4533
4534
4535
4535
4536
4537
4538
4539
4540
4541
4541
4542
4542
4544
4545
4545
4547
4549
4550
4556
4558
4560
4560
4560
4561
4562
4562
4563
4564
4566
4566
4567
4567
4570
4570
4572
4574
4574
4575
4577
4582
4582
4585
4585
4587
4591
4591
4594
4597
4598
4598
4600
4600
4601
4601
4601
4604
4604
4606
4607
4608
4609
4609
4609
4609
4610
4610
4611
4612
4612
4614
4615
4616
4617
4619
4624
4625
4627
4627
4628
4629
4629
4634
4635
4639
4640
4641
4642
4643
4643
4643
4643
4645
4646
4648
4649
4651
4655
4659
4662
4664
4664
4665
4665
4667
4671
4672
4674
4675
4676
4677
4681
4682
4682
4683
4683
4684
4686
4687
4689
4689
4690
4691
4693
4693
4694
4695
4700
4701
4702
4703
4703
4706
4707
4708
4708
4710
4710
4710
4710
4712
4713
4714
4714
4716
4716
4717
4720
4721
4722
4723
4725
4726
4727
4728
4728
4730
4731
4731
4731
4734
4734
4734
4735
4737
4737
4740
4740
4740
4742
4742
4742
4743
4743
4744
4745
4748
4748
4750
4750
4750
4751
4753
4754
4755
4758
4759
4759
4759
4759
4762
4766
4767
4768
4768
4768
4768
4770
4771
4771
4773
4776
4776
4776
4777
4782
4787
4788
4788
4789
4791
4792
4794
4794
4794
4795
4797
4799
4800
4801
4801
4801
4801
4802
4802
4804
4805
4807
4812
4812
4812
4814
4817
4818
4818
4818
4820
4822
4824
4824
4827
4827
4827
4828
4828
4830
4830
4830
4833
4836
4836
4838
4839
4840
4840
4841
4843
4843
4845
4845
4846
4846
4847
4849
4849
4850
4852
4853
4854
4860
4860
4860
4860
4862
4862
4862
4863
4863
4865
4865
4866
4867
4869
4870
4872
4875
4876
4876
4876
4877
4877
4878
4880
4883
4885
4885
4885
4886
4886
4887
4889
4891
4891
4893
4894
4894
4894
4896
4897
4898
4901
4901
4904
4909
4910
4912
4912
4914
4915
4918
4919
4919
4920
4920
4924
4924
4926
4926
4926
4927
4930
4931
4932
4932
4934
4934
4935
4935
4940
4941
4941
4941
4942
4943
4944
4945
4948
4949
4950
4950
4950
4950
4951
4952
4953
4954
4954
4954
4956
4959
4959
4960
4962
4963
4963
4965
4968
4968
4969
4969
4970
4970
4970
4971
4971
4971
4971
4971
4972
4972
4972
4973
4973
4974
4974
4977
4979
4981
4981
4983
4983
4983
4984
4985
4985
4985
4990
4992
4993
4995
4996
4997
4999
5001
5001
5002
5003
5004
5005
5005
5007
5008
5008
5010
5011
5012
5013
5014
5014
5015
5016
5016
5018
5020
5020
5021
5022
5024
5025
5025
5025
5028
5028
5030
5031
5032
5034
5035
5036
5036
5038
5040
5043
5044
5046
5048
5049
5049
5050
5050
5052
5052
5053
5054
5055
5055
5056
5058
5059
5060
5061
5063
5064
5065
5066
5069
5069
5070
5071
5071
5072
5072
5073
5075
5077
5083
5083
5085
5086
5087
5088
5088
5091
5091
5092
5093
5094
5095
5097
5097
5097
5098
5099
5099
5100
5100
5100
5105
5107
5108
5110
5110
5110
5111
5113
5113
5113
5113
5116
5116
5116
5116
5118
5119
5119
5122
5123
5124
5124
5124
5124
5125
5126
5131
5132
5133
5135
5135
5136
5136
5137
5137
5138
5140
5143
5143
5144
5144
5144
5145
5146
5148
5148
5148
5148
5150
5150
5150
5151
5154
5154
5155
5155
5161
5163
5164
5167
5168
5172
5173
5173
5173
5175
5175
5175
5178
5178
5181
5181
5182
5183
5185
5189
5191
5193
5194
5199
5199
5200
5200
5201
5204
5205
5207
5208
5210
5211
5211
5211
5212
5214
5215
5215
5216
5218
5219
5219
5222
5222
5224
5226
5226
5226
5226
5227
5228
5229
5230
5231
5231
5231
5232
5234
5234
5235
5238
5238
5238
5240
5242
5244
5244
5244
5244
5245
5248
5249
5249
5249
5250
5252
5252
5253
5253
5256
5258
5259
5259
5259
5260
5261
5262
5265
5267
5268
5268
5271
5272
5273
5274
5274
5277
5278
5278
5279
5279
5280
5282
5282
5283
5284
5284
5285
5287
5287
5289
5289
5296
5298
5300
5303
5303
5304
5308
5314
5315
5315
5316
5316
5316
5317
5318
5318
5319
5319
5321
5321
5321
5323
5324
5325
5326
5327
5327
5329
5330
5332
5333
5333
5333
5334
5337
5337
5338
5338
5343
5346
5351
5353
5353
5354
5354
5356
5357
5358
5358
5359
5360
5361
5361
5362
5363
5363
5364
5364
5364
5365
5365
5365
5365
5366
5367
5367
5367
5370
5370
5372
5373
5374
5375
5375
5375
5376
5377
5379
5381
5381
5383
5383
5385
5386
5387
5390
5393
5395
5395
5395
5395
5396
5397
5397
5398
5399
5399
5399
5399
5400
5400
5401
5402
5407
5407
5408
5409
5410
5411
5413
5416
5416
5416
5416
5420
5421
5422
5422
5425
5428
5430
5431
5432
5433
5434
5434
5435
5437
5437
5439
5439
5439
5440
5441
5441
5442
5442
5444
5445
5446
5450
5450
5451
5452
5454
5454
5454
5455
5455
5455
5456
5456
5456
5460
5460
5460
5463
5463
5466
5467
5468
5469
5471
5472
5475
5476
5478
5481
5481
5482
5483
5483
5484
5487
5488
5488
5490
5494
5494
5496
5499
5499
5501
5503
5503
5505
5506
5507
5509
5510
5510
5511
5513
5514
5515
5515
5515
5517
5517
5518
5518
5519
5519
5520
5521
5522
5524
5524
5525
5526
5527
5528
5530
5530
5531
5532
5532
5533
5537
5538
5538
5541
5541
5542
5542
5543
5543
5544
5544
5545
5545
5546
5547
5547
5548
5549
5550
5553
5553
5553
5554
5554
5557
5559
5560
5561
5562
5562
5563
5564
5564
5568
5568
5569
5571
5573
5574
5575
5575
5577
5580
5580
5582
5584
5586
5586
5587
5588
5588
5589
5593
5593
5593
5594
5597
5598
5599
5600
5600
5600
5600
5600
5601
5601
5602
5602
5604
5604
5604
5605
5606
5606
5610
5611
5612
5612
5613
5613
5614
5616
5617
5619
5619
5620
5621
5622
5623
5624
5624
5625
5625
5625
5626
5629
5629
5629
5630
5632
5634
5634
5637
5637
5638
5640
5640
5646
5646
5647
5649
5649
5651
5653
5654
5654
5656
5658
5662
5662
5662
5662
5662
5665
5667
5667
5671
5673
5675
5676
5677
5678
5680
5680
5680
5681
5681
5683
5683
5685
5686
5687
5688
5689
5689
5690
5691
5691
5691
5691
5694
5694
5695
5697
5698
5698
5698
5699
5700
5700
5701
5703
5703
5705
5706
5707
5707
5708
5709
5710
5712
5713
5714
5716
5716
5717
5717
5717
5718
5718
5719
5720
5721
5721
5725
5726
5727
5727
5729
5730
5731
5731
5736
5736
5737
5737
5738
5742
5743
5743
5745
5747
5747
5748
5751
5754
5755
5756
5757
5758
5758
5759
5764
5766
5767
5768
5769
5771
5772
5773
5774
5775
5775
5778
5779
5779
5780
5781
5782
5784
5785
5785
5786
5787
5787
5789
5789
5790
5791
5792
5792
5793
5793
5795
5795
5797
5798
5798
5798
5798
5799
5802
5804
5804
5804
5806
5808
5809
5809
5812
5812
5812
5814
5814
5815
5815
5816
5818
5819
5819
5819
5820
5820
5821
5823
5826
5826
5827
5828
5833
5833
5834
5838
5838
5840
5841
5842
5843
5845
5846
5847
5847
5847
5848
5848
5849
5854
5854
5854
5854
5856
5858
5860
5861
5861
5862
5863
5864
5864
5867
5869
5869
5872
5874
5875
5876
5876
5877
5877
5879
5879
5880
5882
5883
5886
5887
5891
5891
5891
5892
5893
5895
5896
5896
5900
5902
5902
5903
5903
5907
5909
5910
5911
5911
5912
5913
5914
5915
5915
5918
5919
5920
5921
5922
5922
5923
5924
5924
5925
5927
5929
5930
5930
5932
5933
5934
5935
5936
5937
5938
5939
5940
5941
5942
5944
5947
5947
5950
5953
5953
5954
5954
5954
5955
5955
5956
5957
5958
5959
5961
5963
5964
5964
5964
5965
5966
5968
5969
5970
5972
5973
5973
5975
5977
5977
5978
5979
5979
5979
5980
5981
5986
5987
5988
5990
5991
5991
5993
5994
5994
5996
5996
5998
5998
5998
5998
6000
6002
6003
6006
6007
6008
6009
6010
6010
6013
6016
6016
6016
6017
6017
6018
6021
6022
6023
6024
6027
6027
6030
6030
6030
6031
6031
6032
6032
6035
6036
6036
6036
6037
6037
6037
6038
6040
6041
6042
6043
6043
6044
6044
6046
6047
6048
6049
6049
6050
6053
6054
6054
6056
6057
6061
6061
6062
6062
6064
6064
6066
6066
6066
6067
6069
6072
6072
6075
6075
6075
6075
6078
6078
6081
6082
6083
6085
6086
6089
6092
6094
6095
6096
6096
6098
6098
6098
6099
6100
6100
6101
6101
6102
6102
6104
6106
6106
6106
6107
6107
6107
6108
6109
6109
6111
6116
6118
6118
6120
6121
6121
6121
6121
6122
6123
6123
6123
6126
6126
6126
6127
6129
6133
6136
6140
6143
6143
6143
6144
6145
6147
6147
6147
6149
6150
6151
6153
6153
6154
6154
6156
6158
6159
6159
6160
6160
6160
6161
6162
6163
6163
6165
6165
6167
6169
6169
6170
6171
6173
6173
6174
6175
6178
6178
6179
6181
6186
6186
6188
6188
6189
6190
6192
6194
6195
6196
6196
6198
6200
6202
6202
6202
6204
6206
6206
6206
6206
6209
6210
6211
6212
6212
6212
6212
6213
6213
6215
6215
6216
6216
6216
6217
6217
6219
6220
6221
6222
6222
6223
6224
6225
6225
6226
6229
6230
6230
6231
6231
6232
6233
6233
6233
6234
6235
6235
6237
6237
6237
6241
6243
6244
6244
6245
6248
6248
6249
6249
6250
6251
6251
6251
6252
6252
6254
6255
6256
6256
6257
6258
6258
6258
6259
6261
6266
6267
6268
6268
6270
6270
6270
6272
6273
6275
6276
6278
6279
6280
6280
6281
6281
6281
6282
6282
6282
6283
6284
6286
6289
6289
6291
6292
6293
6294
6294
6295
6295
6295
6296
6296
6297
6297
6297
6297
6298
6298
6299
6299
6300
6301
6304
6304
6305
6307
6307
6307
6309
6309
6310
6310
6312
6312
6312
6312
6313
6315
6316
6317
6318
6319
6320
6320
6320
6320
6321
6324
6325
6327
6327
6327
6328
6328
6328
6332
6335
6336
6337
6339
6339
6340
6340
6340
6340
6341
6342
6346
6349
6349
6350
6350
6352
6353
6357
6359
6361
6361
6362
6363
6365
6366
6367
6369
6369
6371
6371
6375
6375
6375
6375
6376
6378
6378
6378
6380
6382
6382
6382
6385
6385
6385
6387
6387
6388
6388
6388
6390
6393
6395
6395
6396
6397
6397
6397
6398
6398
6399
6400
6400
6402
6403
6404
6406
6406
6407
6408
6410
6410
6410
6410
6410
6411
6411
6413
6415
6417
6417
6418
6418
6419
6422
6424
6424
6425
6425
6427
6427
6429
6430
6430
6431
6435
6435
6436
6437
6438
6439
6441
6443
6443
6444
6445
6450
6451
6452
6452
6456
6457
6458
6458
6459
6460
6462
6462
6467
6467
6468
6468
6469
6470
6472
6473
6473
6474
6474
6477
6479
6480
6481
6482
6482
6483
6483
6484
6486
6486
6487
6489
6489
6491
6491
6492
6494
6494
6494
6495
6495
6496
6500
6501
6501
6501
6502
6503
6503
6504
6505
6507
6507
6509
6510
6511
6512
6513
6513
6514
6517
6517
6518
6518
6519
6521
6523
6523
6524
6525
6525
6525
6526
6527
6529
6529
6530
6530
6531
6531
6533
6534
6537
6538
6541
6542
6542
6543
6544
6544
6545
6546
6546
6547
6552
6554
6554
6555
6555
6556
6556
6556
6559
6560
6561
6562
6564
6566
6567
6567
6568
6569
6569
6570
6570
6572
6575
6575
6577
6577
6578
6579
6579
6580
6580
6581
6583
6584
6584
6585
6586
6588
6589
6590
6591
6591
6593
6593
6595
6596
6596
6596
6596
6597
6598
6604
6606
6606
6608
6609
6609
6613
6614
6615
6615
6617
6617
6622
6623
6624
6624
6624
6626
6627
6629
6629
6629
6630
6632
6635
6639
6640
6643
6643
6644
6645
6648
6648
6649
6652
6653
6654
6658
6660
6660
6660
6663
6663
6664
6664
6665
6666
6669
6670
6671
6672
6675
6676
6676
6677
6677
6681
6681
6681
6682
6682
6682
6685
6685
6687
6687
6687
6690
6690
6691
6692
6693
6694
6695
6695
6698
6699
6699
6699
6699
6702
6704
6705
6707
6708
6708
6709
6710
6711
6712
6713
6713
6716
6717
6717
6717
6718
6718
6718
6719
6720
6721
6724
6725
6726
6726
6726
6729
6729
6729
6731
6731
6733
6733
6734
6736
6737
6738
6738
6739
6741
6741
6744
6747
6748
6749
6751
6751
6751
6752
6752
6752
6753
6753
6755
6755
6755
6755
6755
6756
6756
6756
6757
6757
6757
6757
6760
6760
6761
6761
6763
6764
6765
6766
6772
6772
6773
6775
6779
6782
6784
6784
6785
6785
6785
6789
6790
6791
6792
6793
6795
6796
6798
6798
6800
6802
6802
6802
6802
6804
6806
6807
6807
6809
6812
6812
6813
6817
6817
6818
6818
6818
6818
6819
6821
6822
6824
6825
6825
6828
6829
6831
6838
6839
6840
6840
6841
6843
6843
6844
6844
6846
6847
6847
6847
6847
6847
6849
6851
6852
6853
6854
6854
6854
6856
6857
6857
6858
6861
6862
6863
6864
6864
6865
6866
6867
6874
6876
6877
6878
6882
6882
6884
6884
6885
6885
6885
6890
6892
6892
6894
6895
6895
6896
6897
6899
6900
6900
6900
6902
6903
6903
6904
6904
6904
6904
6905
6907
6907
6908
6908
6910
6911
6912
6915
6917
6917
6918
6918
6921
6921
6921
6922
6922
6923
6923
6925
6928
6929
6930
6930
6931
6934
6934
6936
6938
6940
6941
6942
6943
6943
6943
6946
6947
6948
6950
6953
6953
6953
6956
6959
6959
6961
6962
6964
6965
6965
6968
6968
6970
6973
6973
6974
6974
6974
6976
6976
6976
6978
6978
6982
6982
6982
6982
6985
6986
6986
6987
6988
6991
6992
6993
6993
6994
6996
6997
6999
6999
6999
7000
7006
7006
7007
7008
7008
7008
7010
7011
7015
7015
7015
7016
7016
7016
7019
7019
7020
7020
7022
7022
7022
7026
7033
7034
7035
7035
7037
7037
7039
7040
7040
7040
7041
7043
7043
7044
7044
7045
7046
7046
7051
7052
7053
7054
7055
7056
7056
7057
7057
7058
7058
7058
7058
7058
7059
7060
7064
7065
7066
7071
7072
7074
7074
7075
7076
7076
7077
7077
7078
7080
7082
7082
7082
7082
7082
7084
7086
7087
7089
7089
7090
7090
7094
7095
7098
7102
7103
7103
7106
7106
7108
7108
7111
7113
7116
7116
7117
7119
7120
7120
7123
7124
7129
7130
7131
7131
7132
7132
7133
7133
7133
7134
7134
7134
7136
7137
7137
7139
7141
7142
7142
7142
7144
7147
7147
7147
7149
7150
7152
7152
7154
7156
7157
7157
7157
7157
7158
7159
7159
7160
7161
7163
7164
7167
7167
7168
7170
7171
7171
7172
7173
7174
7178
7178
7178
7179
7180
7180
7181
7181
7181
7182
7182
7184
7184
7184
7186
7189
7190
7190
7191
7191
7194
7198
7198
7199
7202
7205
7206
7206
7206
7209
7209
7211
7211
7212
7215
7217
7219
7221
7224
7225
7226
7226
7228
7228
7229
7229
7230
7231
7238
7239
7240
7245
7246
7247
7247
7250
7251
7253
7255
7255
7257
7257
7259
7259
7260
7260
7261
7261
7264
7265
7266
7266
7267
7267
7269
7271
7273
7273
7274
7279
7279
7283
7285
7288
7288
7288
7290
7291
7291
7291
7292
7295
7295
7300
7300
7300
7301
7301
7302
7302
7302
7302
7303
7303
7304
7304
7305
7306
7307
7308
7309
7313
7313
7316
7317
7318
7319
7320
7320
7321
7322
7324
7325
7325
7327
7328
7330
7333
7338
7338
7339
7341
7342
7344
7344
7345
7346
7346
7347
7348
7348
7348
7348
7349
7350
7350
7351
7354
7355
7356
7356
7357
7359
7360
7364
7364
7365
7366
7366
7367
7368
7368
7369
7370
7371
7372
7374
7377
7378
7379
7379
7380
7380
7382
7382
7383
7384
7386
7387
7388
7391
7392
7392
7393
7394
7396
7397
7397
7398
7400
7402
7404
7406
7408
7408
7409
7411
7412
7413
7414
7416
7416
7417
7417
7417
7417
7418
7419
7420
7420
7420
7421
7422
7423
7424
7424
7428
7431
7434
7434
7434
7437
7440
7442
7442
7443
7444
7445
7446
7448
7448
7449
7449
7450
7451
7451
7451
7451
7452
7453
7455
7458
7461
7461
7462
7462
7463
7466
7467
7467
7468
7468
7469
7469
7469
7469
7471
7471
7472
7474
7474
7474
7478
7478
7479
7480
7480
7481
7482
7483
7484
7487
7488
7488
7490
7491
7491
7491
7492
7492
7492
7492
7493
7493
7493
7495
7496
7497
7498
7500
7502
7503
7503
7504
7504
7506
7507
7508
7510
7510
7511
7511
7511
7511
7511
7512
7512
7512
7515
7515
7515
7516
7517
7517
7519
7519
7519
7520
7522
7524
7525
7525
7526
7526
7529
7530
7532
7533
7533
7534
7534
7535
7536
7536
7537
7539
7540
7543
7546
7547
7548
7549
7550
7551
7554
7557
7557
7558
7559
7559
7560
7561
7561
7563
7564
7566
7567
7568
7569
7570
7571
7572
7574
7574
7576
7576
7577
7577
7577
7579
7579
7581
7581
7582
7583
7584
7585
7586
7590
7591
7592
7593
7595
7595
7595
7598
7599
7600
7600
7600
7601
7601
7603
7603
7605
7606
7607
7607
7612
7612
7612
7612
7613
7613
7615
7616
7616
7618
7618
7618
7619
7621
7621
7623
7625
7626
7627
7628
7630
7631
7632
7632
7635
7638
7639
7647
7648
7650
7653
7653
7653
7654
7654
7655
7657
7657
7661
7661
7667
7667
7667
7672
7672
7673
7673
7676
7677
7677
7678
7679
7681
7681
7681
7683
7685
7685
7685
7686
7687
7688
7689
7691
7692
7694
7694
7694
7696
7698
7700
7700
7701
7704
7707
7708
7709
7712
7713
7714
7716
7716
7717
7717
7717
7718
7718
7719
7719
7721
7722
7723
7723
7724
7725
7725
7726
7727
7727
7727
7727
7728
7728
7729
7731
7733
7734
7735
7737
7737
7737
7739
7739
7741
7741
7743
7743
7744
7746
7748
7749
7749
7751
7751
7756
7756
7757
7758
7758
7760
7761
7763
7764
7766
7766
7769
7771
7771
7772
7773
7774
7777
7777
7779
7780
7781
7784
7785
7785
7786
7787
7788
7790
7792
7793
7793
7793
7794
7795
7796
7797
7797
7798
7798
7798
7799
7800
7802
7804
7805
7805
7809
7811
7811
7812
7816
7818
7819
7820
7821
7826
7826
7826
7831
7831
7833
7833
7834
7834
7834
7835
7835
7835
7838
7838
7839
7839
7839
7840
7840
7845
7847
7847
7848
7849
7853
7856
7857
7858
7859
7860
7861
7862
7864
7865
7865
7866
7866
7867
7867
7868
7869
7869
7871
7874
7874
7875
7877
7877
7878
7878
7881
7882
7882
7882
7884
7885
7885
7886
7886
7886
7886
7887
7889
7889
7890
7890
7891
7891
7894
7894
7894
7897
7897
7897
7897
7898
7906
7910
7912
7914
7915
7915
7918
7919
7919
7920
7921
7921
7923
7923
7924
7925
7925
7927
7928
7928
7929
7930
7930
7930
7932
7932
7933
7934
7934
7935
7935
7935
7936
7937
7938
7940
7942
7942
7942
7945
7947
7947
7949
7950
7950
7952
7952
7953
7953
7955
7957
7958
7959
7960
7960
7962
7964
7965
7969
7970
7970
7971
7971
7971
7977
7977
7978
7979
7979
7979
7980
7981
7985
7985
7985
7986
7986
7988
7989
7990
7992
7995
7997
7998
8000
8000
8001
8001
8002
8004
8005
8006
8006
8007
8009
8012
8012
8015
8015
8015
8017
8019
8019
8019
8020
8021
8022
8023
8023
8024
8024
8025
8025
8026
8028
8031
8031
8032
8033
8033
8034
8034
8035
8035
8036
8036
8037
8037
8038
8039
8039
8039
8041
8043
8045
8046
8046
8047
8048
8050
8050
8050
8051
8052
8054
8054
8055
8059
8059
8059
8061
8061
8062
8064
8065
8065
8067
8068
8070
8071
8073
8073
8074
8074
8075
8079
8079
8080
8082
8082
8083
8083
8084
8084
8084
8088
8088
8089
8089
8091
8092
8092
8093
8094
8096
8099
8100
8102
8102
8104
8106
8108
8109
8111
8111
8111
8112
8112
8113
8113
8115
8118
8119
8120
8121
8122
8125
8126
8126
8127
8127
8128
8128
8129
8129
8131
8131
8134
8134
8134
8136
8136
8137
8137
8139
8140
8140
8141
8141
8141
8141
8141
8143
8144
8144
8145
8146
8146
8147
8149
8149
8149
8149
8150
8150
8151
8151
8152
8154
8155
8155
8156
8157
8157
8158
8158
8159
8161
8162
8163
8164
8164
8164
8164
8164
8165
8165
8166
8168
8168
8169
8170
8170
8170
8171
8171
8172
8173
8174
8175
8176
8177
8178
8178
8178
8180
8180
8182
8182
8182
8183
8183
8184
8184
8184
8185
8185
8186
8187
8187
8188
8190
8190
8191
8191
8194
8195
8196
8200
8201
8203
8204
8204
8205
8207
8208
8209
8209
8210
8210
8212
8212
8213
8213
8214
8216
8217
8218
8220
8220
8220
8221
8222
8222
8223
8223
8223
8224
8226
8227
8228
8229
8229
8231
8233
8233
8236
8236
8237
8237
8237
8237
8240
8241
8243
8244
8245
8245
8246
8247
8247
8248
8248
8250
8252
8254
8254
8255
8257
8258
8259
8260
8261
8261
8262
8262
8262
8264
8266
8266
8267
8269
8269
8273
8273
8274
8274
8277
8277
8279
8280
8281
8281
8282
8286
8286
8286
8286
8286
8288
8288
8289
8291
8291
8292
8293
8293
8294
8295
8296
8298
8299
8300
8300
8303
8305
8306
8308
8309
8311
8311
8311
8312
8313
8314
8316
8317
8318
8318
8320
8320
8321
8321
8321
8324
8325
8327
8327
8327
8329
8330
8333
8333
8333
8335
8335
8335
8337
8337
8337
8337
8337
8338
8338
8339
8341
8343
8344
8346
8346
8347
8348
8348
8348
8350
8350
8350
8352
8352
8352
8356
8356
8358
8358
8360
8362
8362
8363
8364
8365
8366
8367
8368
8369
8369
8369
8370
8370
8370
8370
8373
8376
8379
8381
8381
8382
8383
8383
8384
8386
8386
8388
8389
8389
8390
8390
8392
8396
8397
8399
8399
8401
8401
8402
8403
8406
8406
8407
8409
8410
8411
8412
8412
8414
8414
8414
8415
8415
8419
8419
8420
8424
8425
8426
8429
8431
8431
8431
8433
8434
8434
8435
8435
8436
8437
8438
8438
8439
8442
8445
8445
8445
8447
8448
8448
8451
8456
8456
8458
8459
8461
8462
8464
8465
8466
8467
8468
8469
8470
8471
8474
8475
8475
8477
8478
8478
8480
8480
8482
8482
8483
8483
8484
8484
8485
8485
8485
8486
8486
8487
8487
8487
8488
8488
8489
8489
8490
8491
8492
8493
8495
8495
8496
8497
8499
8501
8504
8505
8506
8507
8508
8509
8509
8511
8512
8516
8517
8518
8519
8520
8521
8522
8522
8522
8525
8525
8526
8529
8529
8529
8530
8533
8533
8534
8534
8535
8536
8536
8538
8540
8542
8542
8542
8544
8545
8545
8545
8546
8546
8547
8547
8549
8549
8550
8550
8553
8556
8556
8562
8562
8563
8563
8563
8564
8565
8565
8565
8566
8567
8569
8569
8570
8570
8570
8570
8571
8571
8572
8573
8574
8578
8580
8580
8580
8582
8582
8582
8584
8586
8586
8590
8592
8599
8599
8600
8601
8601
8604
8605
8607
8612
8612
8613
8614
8615
8617
8619
8620
8622
8623
8623
8623
8624
8624
8625
8627
8628
8629
8631
8636
8637
8638
8640
8642
8643
8643
8643
8645
8645
8645
8645
8647
8647
8648
8651
8652
8652
8654
8655
8656
8657
8658
8659
8662
8662
8663
8665
8665
8665
8670
8671
8672
8672
8673
8674
8675
8675
8676
8677
8677
8677
8678
8680
8680
8684
8686
8686
8689
8690
8690
8692
8693
8695
8696
8697
8699
8699
8701
8703
8703
8704
8705
8709
8709
8710
8713
8713
8713
8714
8714
8715
8716
8717
8717
8718
8718
8718
8718
8722
8723
8723
8724
8726
8727
8728
8728
8728
8729
8729
8729
8731
8731
8734
8734
8735
8736
8737
8739
8739
8740
8740
8743
8744
8745
8745
8746
8747
8747
8747
8748
8748
8749
8749
8751
8752
8753
8756
8758
8759
8761
8761
8763
8767
8769
8771
8773
8773
8774
8774
8774
8774
8776
8777
8779
8779
8780
8780
8780
8782
8783
8786
8788
8795
8795
8800
8800
8801
8801
8803
8804
8805
8806
8807
8807
8809
8809
8809
8810
8810
8813
8814
8814
8816
8817
8818
8818
8820
8820
8821
8821
8822
8824
8826
8828
8830
8831
8832
8833
8834
8834
8834
8836
8836
8836
8836
8838
8838
8838
8839
8842
8845
8846
8847
8847
8848
8850
8851
8852
8854
8854
8854
8855
8857
8857
8857
8858
8859
8859
8861
8862
8864
8864
8865
8865
8865
8875
8876
8877
8877
8882
8884
8884
8885
8896
8896
8897
8897
8898
8901
8902
8904
8904
8905
8905
8907
8907
8907
8909
8912
8913
8914
8917
8917
8918
8918
8919
8920
8923
8923
8924
8924
8925
8928
8928
8928
8928
8930
8930
8934
8935
8935
8935
8937
8938
8939
8939
8940
8940
8941
8941
8942
8943
8944
8944
8945
8945
8946
8948
8949
8950
8951
8953
8953
8956
8957
8957
8958
8959
8962
8963
8965
8965
8966
8966
8966
8967
8967
8967
8968
8970
8972
8972
8973
8975
8975
8975
8976
8976
8977
8980
8980
8981
8982
8983
8985
8986
8986
8987
8988
8991
8992
8992
8993
8993
8993
8996
8996
8997
8998
8999
8999
9000
9000
9000
9000
9000
9000
9000
9003
9003
9006
9006
9006
9006
9007
9008
9013
9014
9016
9017
9017
9017
9019
9020
9021
9021
9023
9024
9026
9026
9026
9027
9027
9028
9029
9029
9029
9029
9032
9032
9034
9034
9035
9035
9037
9037
9038
9038
9042
9043
9043
9043
9045
9046
9047
9048
9050
9052
9052
9053
9053
9053
9053
9054
9054
9054
9056
9057
9057
9058
9059
9059
9060
9060
9061
9063
9063
9064
9067
9068
9068
9069
9070
9071
9072
9072
9075
9075
9076
9077
9079
9080
9082
9083
9083
9085
9085
9085
9088
9088
9088
9089
9093
9094
9098
9098
9099
9100
9101
9102
9103
9103
9105
9106
9107
9108
9110
9110
9113
9113
9114
9115
9115
9116
9117
9118
9118
9121
9122
9122
9123
9123
9124
9126
9129
9129
9132
9133
9133
9133
9136
9136
9137
9137
9139
9140
9142
9143
9144
9146
9146
9147
9148
9149
9151
9152
9153
9153
9154
9155
9156
9156
9158
9158
9158
9158
9160
9160
9161
9163
9163
9163
9163
9164
9164
9166
9167
9167
9169
9169
9170
9172
9175
9175
9175
9175
9177
9180
9181
9182
9182
9182
9182
9182
9183
9183
9188
9189
9189
9189
9194
9195
9196
9196
9197
9198
9201
9202
9202
9203
9205
9207
9213
9213
9213
9215
9215
9215
9218
9219
9221
9222
9225
9225
9225
9226
9227
9228
9229
9229
9229
9232
9232
9233
9237
9238
9239
9239
9239
9239
9240
9241
9241
9244
9244
9245
9245
9246
9249
9249
9250
9250
9252
9255
9256
9256
9257
9258
9258
9260
9260
9261
9262
9262
9262
9264
9266
9266
9266
9267
9270
9274
9281
9282
9283
9284
9285
9285
9286
9286
9286
9288
9291
9292
9293
9294
9294
9295
9296
9298
9298
9298
9298
9301
9301
9302
9302
9302
9304
9304
9305
9306
9307
9310
9310
9311
9312
9313
9315
9318
9318
9319
9319
9320
9321
9321
9322
9323
9324
9325
9326
9326
9326
9327
9329
9330
9330
9330
9332
9333
9333
9333
9337
9338
9340
9340
9343
9343
9344
9344
9344
9344
9345
9348
9351
9354
9355
9355
9355
9356
9357
9358
9358
9359
9360
9360
9361
9362
9362
9362
9363
9363
9363
9366
9366
9369
9370
9370
9372
9372
9374
9376
9377
9378
9378
9379
9380
9381
9381
9384
9385
9385
9387
9387
9389
9389
9389
9390
9391
9392
9392
9395
9395
9396
9398
9400
9401
9402
9403
9403
9404
9405
9408
9409
9409
9412
9412
9412
9414
9415
9416
9418
9420
9420
9421
9421
9423
9423
9425
9427
9427
9428
9429
9430
9431
9431
9432
9433
9436
9436
9437
9438
9439
9443
9444
9444
9445
9445
9446
9447
9447
9452
9452
9452
9457
9460
9460
9460
9462
9463
9463
9463
9465
9467
9472
9473
9475
9475
9476
9479
9480
9480
9480
9482
9484
9485
9486
9488
9489
9490
9492
9493
9493
9495
9497
9497
9498
9498
9498
9500
9506
9507
9507
9508
9508
9511
9514
9516
9516
9518
9518
9519
9520
9522
9522
9523
9524
9526
9527
9529
9531
9538
9539
9540
9541
9543
9543
9544
9544
9544
9545
9545
9547
9548
9548
9550
9550
9551
9554
9556
9556
9560
9560
9561
9561
9564
9565
9567
9567
9568
9569
9569
9569
9569
9570
9571
9572
9576
9577
9578
9582
9583
9584
9585
9585
9588
9589
9590
9590
9591
9592
9594
9596
9596
9598
9600
9603
9603
9603
9604
9604
9604
9607
9607
9607
9609
9609
9609
9613
9613
9613
9613
9614
9614
9614
9618
9619
9619
9620
9622
9622
9623
9623
9624
9624
9625
9625
9625
9626
9626
9626
9628
9628
9628
9631
9633
9634
9636
9637
9638
9638
9639
9642
9643
9643
9643
9644
9645
9645
9646
9646
9649
9651
9652
9656
9656
9659
9660
9662
9662
9663
9665
9667
9667
9674
9674
9675
9675
9676
9676
9677
9681
9682
9683
9683
9684
9686
9686
9687
9688
9689
9692
9692
9693
9693
9699
9704
9705
9706
9706
9708
9710
9710
9711
9713
9713
9714
9715
9717
9718
9719
9719
9720
9720
9721
9721
9722
9722
9723
9723
9725
9726
9726
9727
9729
9730
9731
9731
9731
9731
9732
9733
9733
9736
9736
9737
9741
9742
9745
9746
9746
9750
9750
9750
9750
9751
9751
9752
9752
9758
9758
9760
9761
9765
9766
9766
9767
9767
9768
9768
9771
9771
9774
9774
9774
9777
9777
9781
9783
9783
9783
9785
9786
9792
9792
9792
9792
9793
9795
9797
9799
9801
9801
9803
9803
9804
9805
9805
9805
9806
9807
9807
9807
9810
9814
9816
9816
9816
9817
9817
9818
9820
9820
9822
9824
9825
9825
9826
9827
9828
9828
9829
9830
9830
9831
9832
9833
9835
9836
9836
9837
9838
9838
9840
9840
9840
9841
9842
9842
9842
9843
9843
9845
9847
9852
9856
9856
9856
9858
9859
9861
9863
9863
9864
9864
9864
9865
9865
9867
9867
9868
9870
9870
9873
9873
9875
9876
9876
9876
9877
9879
9879
9881
9882
9884
9884
9884
9885
9885
9886
9887
9888
9891
9891
9892
9892
9892
9892
9893
9894
9896
9897
9898
9898
9899
9900
9900
9903
9903
9905
9912
9912
9913
9913
9915
9915
9915
9915
9919
9921
9922
9923
9924
9925
9926
9928
9929
9931
9931
9931
9931
9933
9937
9938
9938
9939
9939
9939
9940
9940
9941
9942
9943
9943
9943
9947
9949
9950
9951
9951
9953
9953
9953
9954
9955
9955
9955
9956
9956
9956
9956
9958
9960
9961
9961
9962
9963
9964
9965
9965
9965
9966
9967
9967
9968
9969
9970
9970
9970
9970
9975
9976
9977
9980
9981
9981
9982
9982
9983
9983
9984
9984
9985
9987
9988
9989
9990
9990
9990
9994
9995
9997
9998
9998
