1
4
5
6
7
7
9
10
11
13
15
18
18
19
19
19
20
20
21
22
28
29
32
36
36
43
51
52
57
64
65
66
66
69
70
72
74
81
85
89
94
94
95
96
97
99
100
105
105
105
108
111
113
113
114
114
115
117
120
120
122
123
123
124
125
125
126
126
127
128
128
129
131
132
132
133
134
136
136
139
139
146
147
152
153
155
161
162
162
162
165
165
165
166
169
170
171
173
180
181
183
184
185
186
191
191
192
195
195
195
196
197
197
197
197
200
201
207
209
209
213
220
222
223
228
230
230
230
233
234
236
237
239
242
243
243
244
245
247
248
249
253
254
258
261
262
264
264
268
269
271
274
274
277
277
278
279
280
280
281
284
289
289
290
290
291
291
294
294
295
295
297
298
303
304
306
306
310
311
312
317
319
319
321
322
324
329
330
331
331
333
335
340
342
343
344
346
347
348
348
350
350
351
351
352
352
353
353
355
358
359
363
363
364
365
367
368
369
371
371
374
381
381
382
383
386
386
386
386
387
390
396
398
399
403
403
404
405
405
405
407
407
408
408
409
412
417
417
417
420
421
428
429
429
431
432
433
441
443
443
446
447
447
451
452
454
455
459
459
460
461
462
465
465
469
470
470
473
473
475
476
476
480
484
485
486
486
486
488
489
490
494
495
496
497
497
499
502
502
504
505
506
509
514
515
515
516
517
517
519
520
521
523
526
528
528
530
530
531
531
531
533
537
537
539
540
542
543
545
548
548
552
552
553
553
553
555
555
555
558
562
562
563
568
569
570
571
573
574
581
582
582
584
584
585
586
590
591
591
592
596
601
602
603
604
605
607
617
617
619
621
621
622
623
623
623
624
625
627
628
628
629
631
631
634
635
640
640
641
644
644
646
647
649
655
657
660
660
662
662
664
665
667
671
674
675
676
677
678
678
680
681
681
682
686
686
690
695
696
699
700
700
705
707
707
707
707
715
715
716
717
719
722
723
724
726
730
730
733
734
737
739
743
743
744
746
748
748
749
750
750
752
753
755
756
756
757
757
758
759
759
760
763
771
772
775
776
778
778
780
781
786
792
794
796
796
797
798
799
801
803
803
807
807
808
811
813
817
820
820
823
824
825
826
827
827
828
828
830
830
831
831
831
832
833
833
838
838
840
841
841
843
844
848
850
851
855
856
858
861
864
865
866
867
869
872
872
874
877
879
879
885
886
888
889
890
891
895
896
896
900
903
905
909
910
910
913
914
915
917
917
918
919
923
925
926
926
927
927
927
933
940
941
942
945
952
953
960
960
962
964
966
970
970
971
972
974
974
975
976
977
979
979
984
987
987
992
993
995
995
997
1001
1004
1007
1008
1011
1012
1017
1017
1021
1022
1023
1032
1032
1033
1041
1041
1043
1043
1046
1047
1048
1050
1053
1055
1058
1062
1063
1069
1072
1073
1077
1078
1079
1081
1081
1083
1086
1092
1093
1105
1107
1108
1109
1112
1115
1118
1118
1120
1121
1123
1126
1127
1130
1132
1136
1137
1138
1139
1143
1143
1143
1149
1150
1157
1159
1159
1159
1159
1161
1162
1163
1163
1163
1164
1164
1165
1166
1166
1169
1172
1172
1173
1174
1176
1177
1184
1184
1189
1191
1194
1194
1196
1200
1201
1202
1204
1204
1205
1206
1207
1210
1211
1212
1212
1213
1214
1214
1214
1217
1217
1217
1218
1220
1220
1223
1224
1225
1225
1227
1228
1233
1234
1236
1239
1239
1240
1244
1244
1246
1247
1247
1248
1251
1254
1256
1259
1260
1260
1262
1263
1268
1268
1270
1271
1274
1274
1276
1276
1276
1278
1280
1281
1282
1282
1285
1287
1294
1296
1297
1299
1301
1302
1304
1305
1305
1306
1307
1313
1314
1315
1316
1316
1317
1317
1318
1321
1321
1322
1324
1326
1326
1327
1327
1328
1333
1345
1349
1351
1354
1354
1356
1357
1359
1365
1366
1366
1369
1370
1371
1371
1374
1375
1380
1393
1394
1394
1395
1395
1398
1400
1402
1402
1403
1404
1405
1406
1416
1418
1419
1427
1428
1432
1432
1433
1436
1438
1440
1441
1441
1443
1445
1446
1448
1449
1450
1451
1451
1451
1454
1455
1456
1456
1457
1459
1463
1465
1467
1467
1467
1470
1471
1472
1475
1481
1484
1487
1487
1490
1491
1492
1493
1493
1496
1500
1502
1504
1506
1514
1518
1518
1520
1521
1521
1521
1526
1529
1529
1531
1533
1533
1535
1540
1544
1544
1544
1546
1547
1552
1553
1554
1555
1556
1556
1557
1557
1558
1558
1559
1559
1560
1560
1564
1565
1565
1570
1572
1577
1581
1582
1582
1582
1582
1584
1585
1589
1590
1590
1593
1595
1598
1600
1601
1605
1606
1607
1608
1614
1614
1614
1614
1615
1615
1617
1624
1624
1624
1627
1627
1629
1633
1633
1634
1635
1636
1636
1636
1637
1639
1641
1641
1642
1642
1643
1643
1643
1643
1643
1645
1649
1649
1651
1655
1655
1661
1661
1662
1662
1663
1666
1666
1668
1671
1673
1674
1674
1675
1678
1681
1682
1682
1684
1684
1686
1688
1689
1690
1692
1692
1693
1694
1700
1701
1702
1702
1703
1705
1706
1707
1707
1708
1708
1710
1712
1715
1717
1723
1725
1728
1728
1730
1732
1736
1737
1738
1740
1742
1743
1743
1745
1747
1752
1752
1753
1755
1756
1756
1757
1759
1762
1762
1763
1766
1768
1768
1778
1779
1779
1783
1783
1788
1788
1790
1792
1793
1796
1797
1800
1802
1806
1809
1812
1812
1813
1815
1816
1819
1819
1820
1825
1827
1830
1832
1832
1833
1833
1834
1834
1836
1836
1841
1842
1843
1845
1847
1849
1854
1854
1854
1854
1857
1857
1861
1862
1864
1867
1869
1872
1874
1875
1875
1876
1877
1878
1879
1880
1884
1891
1892
1893
1896
1897
1900
1901
1901
1901
1902
1905
1906
1907
1907
1908
1910
1910
1912
1912
1913
1921
1925
1925
1926
1927
1928
1929
1930
1934
1935
1936
1940
1940
1945
1946
1946
1948
1954
1959
1961
1962
1964
1965
1966
1966
1968
1971
1972
1974
1976
1976
1976
1977
1977
1979
1980
1982
1983
1985
1990
1991
1993
1994
1994
2001
2004
2005
2008
2009
2010
2010
2014
2015
2015
2021
2024
2024
2026
2032
2032
2033
2034
2035
2035
2035
2039
2040
2042
2042
2043
2044
2046
2046
2046
2047
2049
2052
2053
2055
2058
2059
2060
2061
2061
2062
2063
2065
2066
2067
2067
2067
2069
2071
2072
2072
2074
2074
2074
2075
2079
2079
2081
2081
2082
2082
2082
2084
2084
2085
2087
2089
2094
2095
2098
2099
2103
2104
2104
2104
2104
2104
2104
2105
2108
2108
2111
2112
2115
2115
2119
2119
2119
2119
2120
2120
2121
2125
2128
2129
2130
2131
2131
2133
2133
2135
2135
2138
2138
2140
2140
2142
2145
2145
2149
2149
2157
2157
2158
2158
2159
2163
2164
2166
2167
2168
2169
2173
2174
2176
2176
2176
2181
2183
2184
2185
2191
2193
2199
2202
2204
2207
2210
2215
2218
2219
2221
2221
2222
2223
2223
2225
2227
2228
2233
2239
2240
2241
2241
2243
2244
2244
2244
2246
2248
2249
2251
2251
2254
2256
2259
2261
2265
2265
2265
2266
2267
2269
2271
2271
2271
2273
2273
2276
2281
2282
2282
2283
2283
2285
2286
2286
2289
2291
2291
2292
2292
2293
2293
2294
2296
2297
2302
2303
2304
2310
2310
2314
2314
2315
2319
2319
2319
2320
2320
2321
2321
2323
2325
2330
2331
2332
2332
2332
2333
2333
2333
2341
2342
2344
2345
2350
2351
2355
2356
2356
2357
2359
2360
2360
2361
2362
2363
2365
2365
2365
2366
2366
2367
2368
2368
2371
2372
2372
2376
2377
2378
2378
2378
2379
2380
2381
2382
2384
2385
2386
2387
2387
2387
2388
2389
2394
2395
2399
2399
2401
2401
2401
2402
2403
2404
2404
2405
2407
2407
2410
2411
2412
2413
2414
2414
2414
2416
2421
2421
2422
2422
2422
2424
2428
2429
2429
2431
2433
2434
2439
2439
2442
2445
2449
2449
2450
2450
2453
2456
2456
2457
2457
2457
2457
2460
2466
2467
2468
2469
2470
2472
2473
2473
2473
2473
2474
2474
2477
2477
2477
2478
2479
2479
2481
2481
2482
2482
2485
2489
2490
2490
2492
2495
2499
2500
2500
2500
2501
2502
2502
2503
2504
2504
2505
2506
2508
2508
2509
2512
2514
2519
2524
2525
2525
2526
2527
2529
2529
2536
2537
2537
2537
2538
2540
2543
2551
2551
2555
2556
2557
2559
2559
2560
2562
2563
2563
2565
2567
2568
2570
2572
2573
2575
2575
2576
2577
2580
2580
2582
2583
2583
2584
2585
2586
2586
2587
2589
2595
2595
2595
2596
2596
2598
2602
2602
2604
2604
2608
2610
2611
2612
2612
2615
2615
2616
2618
2619
2621
2624
2625
2627
2633
2634
2638
2639
2641
2641
2642
2643
2643
2645
2646
2647
2647
2648
2649
2650
2653
2655
2656
2658
2659
2660
2665
2666
2666
2667
2668
2669
2670
2671
2672
2672
2673
2676
2676
2676
2680
2680
2680
2680
2681
2683
2684
2685
2685
2693
2693
2694
2696
2696
2697
2699
2700
2704
2705
2709
2709
2710
2711
2712
2713
2714
2715
2720
2721
2721
2723
2728
2732
2733
2736
2736
2736
2738
2738
2742
2743
2745
2746
2746
2752
2755
2757
2757
2758
2758
2758
2758
2760
2761
2768
2768
2769
2771
2776
2783
2783
2783
2787
2787
2788
2795
2798
2799
2800
2800
2801
2802
2805
2806
2806
2808
2809
2810
2812
2815
2816
2817
2821
2822
2824
2830
2832
2839
2844
2844
2845
2846
2846
2847
2847
2849
2851
2852
2853
2857
2857
2858
2860
2860
2860
2861
2862
2862
2864
2865
2869
2870
2872
2876
2876
2877
2884
2884
2885
2887
2888
2892
2896
2897
2899
2903
2903
2905
2906
2907
2909
2912
2914
2915
2917
2921
2928
2929
2933
2936
2937
2962
2964
2965
2968
2969
2972
2979
2982
2986
2986
2986
2987
2988
2993
2996
2999
3000
3002
3011
3017
3021
3023
3023
3024
3026
3026
3027
3028
3029
3030
3030
3030
3035
3036
3039
3043
3044
3045
3046
3047
3047
3050
3050
3052
3055
3058
3058
3059
3060
3061
3062
3062
3062
3063
3064
3067
3067
3067
3069
3070
3071
3072
3074
3076
3080
3086
3088
3089
3089
3090
3091
3091
3092
3093
3094
3094
3096
3097
3099
3099
3101
3102
3102
3103
3104
3111
3111
3114
3115
3118
3122
3124
3125
3130
3132
3132
3134
3134
3134
3135
3138
3138
3140
3140
3142
3142
3143
3152
3153
3154
3156
3166
3177
3179
3181
3181
3185
3191
3192
3193
3194
3197
3197
3199
3200
3205
3206
3208
3210
3220
3220
3222
3224
3228
3231
3241
3242
3244
3245
3245
3249
3250
3255
3257
3259
3262
3263
3263
3265
3265
3266
3266
3266
3270
3273
3274
3276
3277
3279
3279
3285
3286
3289
3290
3290
3292
3293
3297
3297
3299
3299
3300
3300
3301
3302
3306
3307
3311
3312
3314
3317
3324
3327
3327
3330
3331
3336
3337
3338
3341
3345
3347
3347
3348
3351
3357
3362
3366
3368
3370
3380
3383
3384
3387
3388
3388
3394
3394
3394
3397
3400
3400
3403
3405
3406
3407
3408
3408
3412
3412
3421
3422
3422
3423
3429
3431
3436
3437
3439
3442
3444
3446
3449
3452
3459
3463
3468
3468
3469
3469
3474
3476
3481
3482
3483
3483
3485
3487
3489
3489
3493
3494
3495
3496
3496
3498
3500
3506
3506
3506
3507
3507
3510
3511
3511
3516
3519
3519
3521
3524
3528
3529
3530
3532
3537
3537
3538
3539
3540
3541
3544
3544
3545
3546
3546
3551
3551
3553
3554
3554
3555
3559
3563
3563
3563
3567
3568
3570
3571
3582
3584
3586
3587
3588
3588
3589
3591
3591
3594
3594
3596
3597
3601
3603
3605
3607
3608
3610
3610
3613
3621
3621
3622
3623
3624
3625
3626
3627
3630
3633
3634
3636
3636
3637
3638
3641
3642
3644
3644
3644
3647
3649
3653
3654
3656
3658
3659
3662
3667
3670
3671
3671
3677
3679
3679
3680
3680
3680
3681
3681
3681
3681
3682
3685
3685
3686
3686
3686
3689
3689
3690
3692
3693
3696
3697
3698
3701
3702
3703
3703
3707
3711
3711
3712
3716
3718
3725
3726
3733
3734
3735
3736
3738
3740
3741
3742
3743
3746
3747
3758
3759
3762
3764
3770
3775
3776
3776
3778
3780
3781
3786
3788
3792
3793
3794
3796
3796
3797
3798
3806
3810
3812
3813
3816
3819
3823
3825
3827
3828
3830
3832
3833
3835
3835
3839
3839
3843
3844
3846
3846
3848
3849
3854
3857
3857
3858
3860
3863
3864
3864
3865
3865
3867
3869
3869
3872
3876
3877
3878
3879
3881
3882
3884
3886
3887
3888
3892
3893
3893
3893
3895
3901
3902
3906
3908
3915
3918
3919
3922
3927
3928
3928
3929
3930
3933
3933
3935
3936
3940
3943
3945
3945
3946
3950
3950
3950
3952
3954
3955
3959
3962
3963
3963
3963
3964
3968
3971
3971
3972
3977
3977
3979
3984
3985
3985
3995
3995
4002
4005
4007
4009
4010
4011
4012
4012
4014
4017
4020
4023
4023
4024
4024
4031
4032
4033
4033
4036
4036
4037
4039
4041
4041
4044
4051
4054
4058
4061
4061
4062
4063
4069
4069
4072
4073
4073
4076
4077
4077
4077
4080
4084
4090
4091
4092
4101
4101
4103
4107
4108
4110
4113
4114
4115
4117
4119
4124
4125
4127
4127
4129
4130
4131
4132
4138
4138
4139
4140
4141
4142
4143
4146
4148
4148
4148
4150
4150
4152
4154
4154
4154
4157
4159
4159
4159
4159
4164
4165
4165
4165
4166
4167
4168
4170
4172
4173
4174
4175
4175
4177
4177
4180
4182
4183
4187
4188
4188
4190
4192
4192
4193
4194
4194
4198
4199
4202
4203
4204
4205
4207
4207
4208
4215
4220
4220
4223
4231
4235
4235
4240
4246
4248
4248
4250
4251
4251
4251
4253
4254
4257
4257
4258
4259
4263
4264
4264
4266
4266
4268
4271
4276
4276
4279
4280
4281
4281
4285
4285
4286
4288
4289
4290
4292
4296
4299
4300
4303
4305
4305
4308
4311
4316
4317
4318
4318
4324
4326
4330
4333
4334
4337
4337
4337
4337
4342
4344
4349
4351
4351
4355
4357
4359
4362
4362
4362
4370
4370
4376
4378
4382
4388
4389
4390
4391
4394
4395
4396
4396
4398
4402
4409
4410
4411
4413
4414
4417
4422
4425
4432
4433
4433
4434
4442
4444
4445
4446
4447
4456
4458
4460
4461
4463
4464
4466
4466
4467
4468
4475
4476
4476
4477
4478
4479
4482
4483
4483
4483
4486
4489
4491
4492
4494
4500
4502
4503
4503
4507
4507
4511
4512
4515
4517
4522
4523
4528
4529
4530
4533
4538
4540
4540
4543
4544
4549
4551
4558
4559
4560
4561
4562
4565
4565
4566
4567
4568
4572
4574
4577
4578
4578
4579
4579
4580
4582
4583
4584
4586
4587
4591
4593
4596
4604
4607
4608
4610
4612
4615
4623
4624
4626
4630
4630
4632
4632
4633
4637
4639
4640
4641
4643
4644
4650
4654
4654
4655
4658
4660
4663
4667
4668
4676
4677
4678
4678
4681
4681
4683
4684
4689
4689
4693
4694
4695
4696
4698
4699
4699
4704
4704
4710
4710
4713
4716
4717
4718
4721
4723
4725
4726
4726
4727
4730
4731
4732
4733
4733
4734
4735
4736
4744
4748
4756
4760
4761
4763
4765
4768
4769
4770
4773
4776
4778
4780
4780
4782
4784
4789
4789
4789
4790
4791
4792
4795
4796
4797
4798
4799
4800
4802
4807
4809
4814
4818
4818
4819
4821
4823
4824
4831
4833
4833
4835
4837
4840
4846
4847
4848
4848
4848
4849
4852
4853
4857
4858
4858
4860
4860
4863
4863
4864
4868
4868
4870
4871
4871
4876
4881
4882
4883
4884
4885
4885
4888
4889
4892
4893
4893
4895
4898
4899
4899
4903
4903
4906
4908
4909
4912
4915
4916
4919
4923
4924
4927
4929
4931
4931
4933
4935
4935
4936
4939
4941
4944
4947
4947
4951
4954
4960
4963
4970
4971
4972
4974
4975
4976
4978
4979
4983
4987
4994
4994
4998
4999
4999
5001
5004
5010
5011
5018
5021
5022
5022
5022
5028
5029
5029
5031
5035
5038
5043
5044
5044
5047
5048
5050
5050
5051
5057
5057
5057
5061
5063
5063
5064
5065
5070
5071
5073
5076
5076
5080
5083
5085
5086
5088
5088
5089
5090
5094
5096
5100
5100
5102
5107
5110
5110
5111
5112
5113
5123
5123
5124
5124
5124
5125
5126
5127
5128
5132
5133
5135
5137
5138
5141
5148
5163
5165
5166
5170
5170
5176
5177
5178
5183
5184
5185
5187
5192
5193
5194
5200
5200
5205
5209
5214
5221
5222
5228
5234
5236
5237
5237
5238
5238
5243
5246
5251
5256
5266
5267
5270
5273
5275
5279
5284
5287
5287
5288
5294
5296
5301
5305
5306
5306
5310
5313
5313
5315
5317
5326
5330
5331
5337
5338
5339
5339
5344
5347
5355
5357
5358
5363
5363
5364
5365
5366
5366
5370
5372
5372
5372
5375
5376
5380
5383
5384
5385
5387
5388
5389
5391
5391
5392
5397
5398
5401
5403
5404
5406
5406
5406
5409
5412
5413
5417
5421
5422
5422
5422
5424
5428
5432
5434
5435
5438
5442
5446
5448
5450
5454
5460
5462
5463
5468
5469
5480
5480
5484
5489
5489
5490
5495
5502
5502
5503
5504
5506
5507
5507
5508
5509
5509
5512
5518
5525
5531
5532
5533
5539
5541
5541
5541
5543
5544
5546
5548
5550
5550
5550
5551
5552
5553
5553
5555
5556
5557
5565
5565
5566
5567
5567
5570
5571
5576
5579
5579
5580
5581
5585
5587
5587
5588
5589
5592
5592
5593
5593
5598
5605
5608
5608
5609
5614
5615
5615
5618
5618
5618
5619
5619
5620
5622
5626
5629
5632
5635
5635
5637
5637
5643
5645
5647
5648
5649
5652
5658
5659
5663
5666
5667
5667
5675
5676
5677
5677
5680
5683
5685
5687
5688
5688
5692
5699
5700
5701
5701
5702
5706
5709
5713
5713
5716
5720
5730
5733
5735
5737
5737
5741
5742
5743
5748
5748
5749
5751
5751
5752
5753
5754
5758
5770
5770
5771
5771
5771
5771
5772
5772
5774
5776
5780
5782
5784
5787
5791
5795
5797
5801
5802
5802
5802
5808
5808
5809
5811
5812
5813
5815
5815
5816
5816
5818
5821
5823
5825
5825
5826
5827
5833
5843
5844
5849
5851
5852
5852
5852
5854
5859
5860
5864
5867
5868
5873
5874
5874
5874
5875
5879
5880
5880
5881
5881
5881
5885
5885
5887
5902
5902
5903
5904
5907
5910
5910
5912
5913
5913
5916
5917
5927
5931
5932
5933
5936
5936
5940
5945
5947
5949
5951
5958
5958
5958
5968
5969
5972
5977
5977
5992
5997
5998
6001
6002
6008
6009
6011
6011
6013
6014
6015
6016
6018
6021
6023
6024
6026
6027
6029
6031
6031
6033
6033
6033
6033
6037
6038
6046
6046
6047
6048
6059
6059
6063
6065
6066
6068
6074
6074
6077
6078
6082
6083
6085
6089
6089
6091
6096
6099
6100
6100
6102
6105
6112
6116
6116
6118
6119
6120
6121
6122
6123
6124
6126
6127
6132
6135
6138
6140
6140
6141
6141
6141
6142
6143
6144
6145
6155
6156
6159
6160
6160
6166
6167
6169
6170
6170
6171
6174
6174
6180
6183
6186
6188
6193
6193
6195
6197
6199
6202
6204
6206
6206
6212
6212
6213
6214
6217
6219
6220
6221
6221
6224
6230
6231
6233
6241
6252
6255
6256
6259
6260
6268
6268
6270
6271
6274
6276
6276
6277
6278
6279
6282
6283
6288
6291
6292
6292
6292
6293
6293
6294
6298
6299
6299
6300
6302
6303
6310
6311
6312
6313
6316
6317
6326
6327
6331
6334
6337
6337
6337
6341
6344
6348
6357
6358
6359
6359
6360
6362
6368
6374
6379
6382
6383
6385
6387
6387
6387
6389
6391
6395
6396
6396
6399
6407
6407
6416
6419
6420
6422
6429
6430
6430
6431
6436
6441
6444
6445
6448
6448
6450
6451
6451
6452
6457
6457
6459
6460
6462
6464
6466
6469
6469
6472
6481
6482
6483
6484
6486
6488
6489
6490
6494
6499
6506
6506
6509
6509
6509
6511
6512
6518
6523
6531
6531
6531
6534
6535
6536
6538
6543
6546
6549
6552
6556
6558
6558
6559
6560
6561
6568
6571
6571
6579
6580
6581
6582
6583
6584
6586
6591
6593
6594
6596
6602
6602
6603
6603
6606
6609
6613
6616
6620
6622
6623
6623
6629
6630
6631
6632
6634
6635
6639
6641
6642
6642
6645
6646
6650
6650
6652
6655
6661
6662
6664
6665
6670
6675
6677
6677
6680
6680
6686
6686
6687
6689
6690
6691
6696
6699
6702
6712
6715
6718
6721
6722
6724
6732
6734
6735
6736
6742
6748
6751
6752
6754
6757
6762
6766
6767
6769
6769
6769
6772
6773
6773
6780
6789
6791
6793
6793
6794
6795
6797
6797
6801
6803
6805
6808
6808
6814
6815
6819
6821
6823
6823
6825
6827
6828
6834
6837
6839
6840
6840
6843
6844
6844
6845
6848
6852
6853
6853
6853
6854
6857
6857
6858
6860
6860
6862
6862
6866
6866
6868
6869
6870
6870
6872
6873
6875
6877
6878
6879
6891
6891
6891
6891
6891
6894
6894
6899
6906
6910
6910
6912
6915
6915
6921
6924
6926
6927
6929
6930
6932
6932
6934
6936
6937
6938
6938
6942
6945
6949
6949
6954
6954
6955
6958
6958
6961
6963
6966
6969
6972
6974
6981
6983
6985
6987
6987
6987
6989
6989
6991
6999
7000
7002
7007
7007
7007
7009
7010
7010
7012
7013
7016
7027
7028
7029
7031
7031
7031
7035
7035
7038
7043
7045
7046
7058
7059
7068
7069
7071
7071
7080
7084
7086
7089
7091
7093
7094
7095
7095
7096
7097
7100
7101
7101
7103
7106
7109
7113
7114
7118
7126
7129
7131
7132
7135
7136
7138
7142
7148
7152
7164
7168
7171
7171
7172
7178
7181
7181
7181
7188
7189
7191
7192
7193
7196
7197
7197
7199
7200
7201
7202
7202
7203
7206
7206
7207
7213
7213
7215
7221
7221
7221
7228
7232
7232
7236
7239
7240
7241
7242
7246
7247
7250
7250
7250
7252
7253
7259
7263
7265
7271
7273
7274
7280
7281
7283
7286
7286
7287
7288
7288
7293
7294
7296
7299
7299
7301
7301
7302
7303
7304
7305
7306
7308
7311
7314
7314
7317
7326
7328
7331
7336
7339
7341
7342
7345
7346
7358
7359
7359
7359
7359
7360
7360
7362
7364
7365
7371
7372
7373
7375
7375
7378
7379
7381
7383
7385
7385
7385
7385
7389
7390
7391
7392
7395
7396
7397
7398
7398
7399
7400
7401
7402
7403
7404
7411
7411
7413
7414
7416
7417
7418
7421
7422
7425
7425
7425
7430
7437
7439
7439
7441
7442
7442
7443
7446
7448
7448
7448
7450
7452
7453
7455
7457
7459
7461
7464
7464
7466
7471
7472
7474
7475
7479
7481
7485
7489
7494
7495
7500
7503
7506
7506
7506
7510
7515
7522
7525
7525
7534
7536
7538
7543
7543
7551
7564
7566
7568
7569
7570
7571
7572
7573
7575
7575
7577
7578
7579
7586
7589
7589
7591
7592
7594
7598
7600
7604
7604
7605
7605
7610
7610
7611
7613
7613
7613
7614
7614
7618
7618
7626
7627
7627
7627
7627
7630
7630
7631
7632
7635
7636
7636
7637
7641
7646
7656
7657
7658
7661
7663
7667
7667
7672
7672
7673
7673
7679
7681
7683
7685
7686
7687
7689
7691
7692
7693
7695
7696
7697
7707
7710
7711
7713
7714
7714
7717
7717
7717
7717
7718
7718
7720
7721
7726
7726
7743
7748
7750
7750
7752
7753
7756
7757
7759
7760
7760
7760
7761
7761
7762
7763
7764
7765
7765
7767
7769
7771
7775
7776
7777
7779
7780
7781
7785
7791
7797
7798
7799
7799
7800
7801
7807
7808
7809
7814
7814
7815
7816
7821
7825
7826
7827
7830
7831
7831
7831
7833
7835
7836
7839
7843
7844
7845
7847
7848
7851
7853
7855
7858
7861
7864
7865
7865
7867
7867
7869
7871
7873
7875
7875
7879
7880
7881
7884
7884
7888
7892
7898
7900
7904
7907
7909
7909
7911
7913
7914
7914
7915
7928
7929
7930
7931
7932
7932
7934
7938
7939
7941
7941
7943
7946
7961
7965
7966
7967
7967
7970
7971
7973
7974
7976
7981
7982
7982
7984
7991
7992
7993
7994
8001
8001
8003
8003
8004
8004
8009
8013
8019
8021
8021
8022
8022
8023
8024
8025
8031
8034
8036
8039
8042
8046
8046
8049
8052
8053
8056
8056
8057
8059
8060
8061
8065
8066
8067
8069
8071
8081
8083
8087
8088
8088
8089
8092
8094
8095
8096
8099
8100
8102
8108
8119
8120
8123
8123
8124
8125
8126
8126
8127
8131
8133
8135
8140
8142
8142
8148
8154
8155
8161
8164
8173
8174
8182
8184
8185
8188
8189
8190
8192
8196
8199
8200
8202
8205
8206
8208
8210
8212
8216
8220
8222
8222
8223
8223
8224
8225
8225
8225
8227
8227
8228
8230
8232
8232
8232
8233
8234
8238
8240
8246
8247
8251
8253
8254
8257
8259
8261
8262
8263
8264
8265
8273
8273
8274
8274
8277
8277
8279
8281
8283
8283
8284
8285
8288
8292
8298
8300
8301
8306
8307
8313
8315
8316
8316
8317
8317
8318
8318
8322
8322
8324
8327
8328
8328
8328
8330
8330
8334
8337
8338
8340
8344
8345
8350
8354
8354
8357
8357
8359
8361
8363
8364
8364
8365
8371
8372
8372
8372
8378
8379
8379
8380
8385
8386
8390
8392
8394
8399
8400
8400
8401
8404
8407
8407
8410
8410
8410
8411
8411
8412
8413
8414
8415
8418
8422
8423
8429
8430
8431
8439
8440
8442
8447
8447
8451
8453
8455
8460
8462
8464
8471
8472
8474
8474
8476
8476
8479
8479
8482
8483
8485
8487
8490
8492
8494
8495
8499
8502
8504
8507
8509
8511
8515
8526
8526
8527
8528
8529
8530
8533
8538
8539
8542
8546
8549
8551
8553
8554
8556
8563
8567
8568
8575
8577
8577
8579
8582
8584
8584
8586
8587
8589
8590
8596
8597
8603
8603
8606
8612
8617
8619
8620
8620
8620
8622
8623
8624
8626
8631
8636
8637
8646
8647
8651
8653
8653
8655
8656
8658
8661
8662
8663
8668
8668
8669
8676
8680
8682
8682
8686
8687
8692
8695
8698
8699
8705
8709
8710
8710
8711
8712
8713
8718
8722
8722
8727
8729
8730
8733
8733
8742
8743
8743
8744
8744
8747
8747
8748
8753
8753
8757
8758
8761
8763
8764
8767
8776
8779
8786
8788
8789
8796
8799
8803
8804
8804
8805
8806
8809
8813
8813
8816
8819
8819
8820
8825
8829
8829
8838
8840
8841
8843
8846
8847
8849
8850
8850
8851
8854
8856
8858
8858
8858
8859
8859
8867
8867
8868
8868
8878
8879
8880
8881
8882
8883
8883
8884
8894
8894
8895
8895
8895
8896
8896
8903
8905
8907
8908
8913
8917
8921
8927
8932
8934
8935
8939
8943
8945
8946
8946
8947
8952
8954
8955
8958
8962
8966
8967
8969
8969
8970
8971
8973
8974
8975
8975
8981
8984
8986
8988
8989
8989
8992
8997
8999
9003
9003
9006
9007
9007
9008
9017
9019
9022
9023
9027
9029
9030
9031
9032
9033
9034
9035
9038
9042
9042
9044
9046
9047
9047
9047
9052
9053
9055
9060
9065
9065
9069
9070
9074
9076
9077
9079
9079
9080
9082
9083
9087
9087
9093
9098
9099
9100
9102
9104
9106
9109
9112
9114
9117
9117
9119
9121
9126
9129
9137
9142
9144
9144
9145
9147
9149
9150
9153
9156
9156
9156
9157
9157
9159
9160
9160
9161
9162
9162
9165
9173
9178
9179
9181
9186
9188
9190
9191
9195
9196
9196
9197
9197
9199
9200
9202
9202
9203
9204
9206
9206
9206
9208
9210
9216
9217
9218
9221
9227
9228
9229
9235
9241
9243
9245
9250
9256
9260
9264
9264
9267
9268
9270
9271
9272
9279
9282
9282
9284
9286
9289
9289
9293
9304
9306
9310
9310
9311
9312
9315
9318
9321
9325
9325
9326
9330
9332
9333
9334
9339
9342
9343
9346
9349
9349
9352
9352
9353
9353
9354
9356
9356
9358
9359
9359
9359
9362
9363
9365
9366
9366
9369
9372
9374
9374
9378
9379
9381
9381
9384
9385
9385
9387
9388
9389
9390
9391
9392
9394
9403
9406
9411
9411
9412
9413
9415
9420
9423
9426
9429
9429
9429
9430
9434
9435
9436
9438
9447
9448
9449
9453
9453
9453
9456
9456
9458
9460
9465
9475
9475
9477
9477
9480
9481
9488
9488
9490
9495
9498
9502
9503
9510
9516
9516
9516
9516
9520
9523
9527
9530
9532
9535
9536
9537
9538
9540
9543
9545
9545
9545
9546
9552
9552
9558
9563
9564
9564
9567
9567
9569
9574
9575
9577
9578
9580
9582
9587
9587
9589
9589
9601
9601
9605
9607
9612
9615
9616
9618
9619
9619
9620
9622
9623
9626
9628
9628
9630
9631
9638
9640
9640
9642
9644
9645
9646
9649
9653
9653
9653
9654
9654
9656
9658
9661
9661
9661
9662
9665
9667
9667
9668
9672
9673
9674
9675
9679
9680
9680
9686
9692
9693
9695
9698
9700
9701
9701
9702
9708
9708
9714
9714
9727
9729
9731
9732
9732
9736
9737
9738
9739
9742
9744
9748
9749
9752
9752
9753
9756
9757
9762
9765
9765
9768
9769
9770
9772
9778
9781
9786
9786
9791
9792
9794
9800
9801
9804
9804
9805
9806
9810
9814
9817
9819
9823
9824
9829
9834
9834
9834
9838
9838
9841
9843
9843
9844
9847
9852
9862
9863
9864
9866
9870
9875
9878
9880
9882
9884
9886
9890
9891
9892
9892
9895
9897
9900
9900
9900
9901
9903
9905
9905
9907
9909
9910
9910
9914
9920
9921
9922
9929
9929
9930
9931
9932
9933
9936
9937
9940
9951
9952
9953
9953
9957
9958
9959
9961
9961
9964
9966
9966
9970
9972
9976
9977
9978
9981
9982
9982
9986
9987
9987
9990
